100K_SU_ARIESCLIENT_1: 3017,12013,123,118
100K_SU_CLAPOM_1: 2782,12200,87,68
100K_SU_COCOARAPTOR_1: 3875,12203,48,35
100K_SU_CRAFTERZ_1: 3528,12233,48,35
100K_SU_FLANACE_1: 3243,12293,68,39
100K_SU_GOGURTYURI_1: 3312,12241,48,35
100K_SU_KIZORKE_1: 3500,12093,58,69
100K_SU_LUNATAV_1: 3142,12144,48,35
100K_SU_LWRCSV_1: 3409,11983,48,78
100K_SU_MEMORYCRYPTS_1: 3457,12209,48,35
100K_SU_PELICANINIMPIETY_1: 2937,12255,48,35
100K_SU_SOLARISTHEWORSTCATEVER_1: 3793,12119,48,35
100K_SU_TAPOK109_1: 3385,12169,48,73
100K_SU_TETRANEO_1: 3612,12093,122,41
100K_SU_VIVIDYON_1: 3616,12229,56,37
100K_SU_VIVIDYON_2: 3235,12163,108,37
100K_SU_ULTIMATEUNITY_1: 3720,12245,48,35
100K_DS_ADDYSTRAWBRY_1: 3417,12588,48,35
100K_DS_APRILISTHEWORSTMONTH_1: 3793,12573,204,35
100K_DS_APRILISTHEWORSTMONTH_2: 3304,12601,53,35
100K_DS_DRAGONPROPAGANDA_1: 2946,12715,152,35
100K_DS_HAYSEN_1: 3183,12465,152,75
100K_DS_IYONKOI_1: 3208,12607,66,37
100K_DS_LUCKYKITKAT_1: 3438,12519,60,37
100K_DS_LUNIULAR_1: 3595,12550,48,35
100K_DS_LWRCSV_1: 3491,12598,48,35
100K_DS_MAXTHELORD_1: 3158,12702,48,35
100K_DS_OVERPOWEREDPIZZA_1: 3258,12684,204,41
100K_DS_ROLINGP3_1: 2711,12852,48,35
100K_DS_SLITHERSSS_1: 3563,12676,48,35
100K_DS_SOLARISTHEWORSTCATEVER_1: 2705,12735,48,35
100K_DS_TAPOK109_1: 2815,12716,52,35
100K_DS_THEREALFLARF_1: 2973,12529,124,43
100K_DS_TNTHALFLIFE32_1: 3049,12612,72,43
100K_DS_TRYN1010_1: 2467,12866,144,43
100K_DS_USER23848_1: 3632,12614,48,13
100K_DS_ZENODOS_1: 2947,12629,50,38
100K_HI_ARIESCLIENT_1: 3184,11508,146,78
100K_HI_CHLORDEOFMANY_1: 3376,11748,100,35
100K_HI_CREATIVEGAMER03_1: 3638,11737,222,35
100K_HI_CREATIVEGAMER03_2: 3617,11854,48,35
100K_HI_DEDNIKO_1: 4063,11884,70,44
100K_HI_DODODECALOGIST_1: 3216,11615,48,39
100K_HI_DRAGONLY44_1: 3032,11867,48,35
100K_HI_ERM424242_1: 3275,11440,63,35
100K_HI_ETHANWANTSFOOD_1: 3039,11335,152,35
100K_HI_GAMERGUY35_1: 4401,11856,48,35
100K_HI_HAYSEN_1: 3028,11712,100,35
100K_HI_INSPECTNERD_1: 3374,11331,105,35
100K_HI_IRRI_1: 3937,11893,65,35
100K_HI_KATOLATO_1: 3186,11689,118,46
100K_HI_KATOLATO_2: 3015,11790,67,35
100K_HI_LIPUCCKA_1: 3257,11323,72,43
100K_HI_LKELLY10_1: 4190,11852,126,75
100K_HI_LUCKYKITKAT_1: 3309,11624,164,39
100K_HI_LUNATAV_1: 4026,11700,172,82
100K_HI_OSCARRIAQ_1: 3216,11766,54,75
100K_HI_SOLARISTHEWORSTCATEVER_1: 3977,11813,48,35
100K_HI_TAPOK109_1: 3904,11703,58,35
100K_HI_TOTALLYDUTCH_1: 3516,11321,48,35
100K_HI_TOTALLYDUTCH_2: 3847,11873,48,35
100K_HI_TREARILT_1: 3514,11856,48,35
100K_HI_USER23848_1: 3545,11693,48,75
100K_HI_WONK_1: 2928,11338,48,475
100K_HI_WONK_2: 2840,11404,48,35
100K_HI_WTFMAGNIMMEPAC3_1: 3767,11853,48,35
100K_CC_DRAGONPROPAGANDA_1: 3476,11014,52,75
100K_CC_GAMERGUY35_1: 3538,11139,152,38
100K_CC_HOBART_1: 3593,11316,51,35
100K_CC_JAVADOG64_1: 3330,11140,48,35
100K_CC_RBOR_1: 3649,11014,60,35
100K_CC_ROSTIK630UWU_1: 3724,11163,48,90
100K_CC_STEELLESSTOASTER_1: 3463,11140,48,35
100K_CC_STEELLESSTOASTER_2: 3322,11219,48,35
100K_CC_ZENODOS_1: 3401,11230,50,38
100K_GW_DAMOONLORD_1: 4396,12181,48,35
100K_GW_DETRAX_1: 5579,12174,124,42
100K_GW_HAYSEN_1: 4252,12407,100,75
100K_GW_JANUARY_1: 4533,12037,100,35
100K_GW_MILKSMANSREVENGE_1: 5211,12155,100,35
100K_GW_ROLINGP3_1: 4143,12395,48,35
100K_GW_SLITHERSSS_1: 5420,12171,48,35
100K_GW_SOLARISTHEWORSTCATEVER_1: 4351,12283,48,35
100K_GW_TAPOK109_1: 5191,12074,74,39
100K_GW_WONK_1: 4477,12311,152,75
100K_GW_WRAYK_1: 4858,12126,306,114
100K_SU_ALDURIS_1: 3169,12292,30,19
100K_SU_ALDURIS_2: 3720,12146,22,29
100K_SU_OSCARRIAQ_1: 3796,12202,48,75
100K_SU_ALDURIS_3: 3027,12218,100,35
100K_CC_ALDURIS_1: 3674,11256,48,95
100K_CC_ALDURIS_2: 3747,11330,31,18
100K_DS_ALDURIS_1: 2827,12630,48,35
100K_DS_ALDURIS_2: 2818,12537,48,35
100K_SL_APRILISTHEWORSTMONTH_1: 5764,12178,53,38
100K_SL_HAYSEN_1: 5918,12169,256,75
100K_SL_KEBASNAEK_1: 6270,12318,74,55
100K_SL_LWRCSV_1: 6218,12180,48,35
100K_SL_MEMORYCRYPTS_1: 6127,11969,48,35
100K_SL_NIMBLE102_1: 6353,12181,191,40
100K_SH_ACQUAINTEDFOWL_1: 4938,11646,48,35
100K_SH_CHROMATICALBLIGHT_1: 5297,11605,48,35
100K_SH_DRAGONLY44_1: 5976,11760,48,35
100K_SH_DRAGONPROPAGANDA_1: 4478,11687,100,35
100K_SH_FLANACE_1: 5456,11751,67,39
100K_SH_GAL3OLAG_1: 5069,11621,152,35
100K_SH_HAYSEN_1: 5443,11491,100,189
100K_SH_KALUMRW_1: 4637,11675,48,35
100K_SH_LIPUCCKA_1: 5778,11715,126,83
100K_SH_MEMORYCRYPTS_2: 4259,11686,152,35
100K_SH_PRESTOPESTO_1: 6726,11585,100,45
100K_SH_PYKRITE_1: 5627,11707,54,77
100K_SH_THENOTSOGOODGAMER_1: 5580,11455,48,35
100K_SH_WONK_1: 5997,11589,620,35
100K_SH_ZENODOS_1: 4722,11687,120,38
100K_UW_3CIRCLES_1: 5107,9434,100,35
100K_UW_FUNKYTRASHCAN_1: 5112,9611,113,115
100K_UW_ITZTHEBLU_1: 5896,10156,230,155
100K_UW_LUNIULAR_1: 6164,10323,154,81
100K_UW_MRPTATA_1: 6432,10258,193,120
100K_UW_OSCARRIAQ_1: 6524,10451,152,37
100K_SS_DAMOONLORD_1: 5503,9804,193,132
100K_SS_DAMOONLORD_2: 5852,9856,99,36
100K_SS_DIETPEBSI_1: 6456,9957,48,195
100K_SS_DIETPEBSI_2: 6402,9892,48,35
100K_SS_DIETPEBSI_3: 6146,9749,100,75
100K_SS_FLANACE_2: 5921,9574,50,37
100K_SS_LWRCSV_1: 5572,9949,48,35
100K_SS_NOVATHESKELEDRAGON_1: 6295,9780,160,90
100K_SS_ZAR4ZA_1: 5328,9861,48,155
100K_LC_ARIESCLIENT_1: 5337,8950,176,120
100K_LC_BLOBTIC73391_1: 5687,8966,152,75
100K_LC_FROGTURTLE56_1: 5589,9286,48,35
100K_LC_GONTERHAOZ_1: 5546,8838,85,53
100K_LC_IYONKOI_1: 5480,9100,222,117
100K_RM_BUZZBUD_1: 6484,9843,48,35
100K_RM_DAMOONLORD_1: 6252,9923,72,172
100K_RM_DAMOONLORD_2: 6169,9926,32,24
100K_RM_FROGTURTLE56_1: 6250,10115,48,35
100K_CL_TANKIUM_1: 4697,11763,152,35
100K_LF_ARIESCLIENT_1: 1704,12348,48,35
100K_LF_CHROMATICALBLIGHT_1: 2297,12192,47,29
100K_LF_CHROMATICALBLIGHT_2: 2410,12199,60,28
100K_LF_CHROMATICALBLIGHT_3: 2626,11934,204,70
100K_LF_CRIMSONT04_1: 2487,12119,100,35
100K_LF_HAYSEN_1: 1730,12257,204,35
100K_LF_LWRCSV_1: 1947,12161,48,76
100K_LF_MK-0_1: 1559,12183,114,38
100K_LF_MYRMICE_1: 2310,12104,152,35
100K_LF_SLITHERSSS_1: 1938,12061,52,75
100K_LF_TAPOK109_1: 2076,12053,50,113
100K_LF_TOTALLYDUTCH_1: 2218,12145,48,35
100K_SB_ETHANWANTSFOOD_1: 2144,12622,100,78
100K_SB_FLANACE_1: 1557,12697,69,39
100K_SB_GAMERGUY35_1: 1674,12911,153,115
100K_SB_IYONKOI_1: 1582,12600,219,37
100K_SB_MILES4DAZE_1: 1392,12704,48,35
100K_SB_NOVATHESKELEDRAGON_1: 1940,12566,62,35
100K_SB_SLITHERSSS_1: 1446,12548,100,35
100K_SB_TANKIUM_1: 1717,12813,48,75
100K_SB_TRONSX_1: 2316,12668,204,85
100K_SU_DAMOONLORD_1: 2703,12092,147,72
100K_OE_COCOARAPTOR_1: 228,12762,100,35
100K_OE_DAMOONLORD_1: 1207,12507,41,43
100K_OE_DAMOONLORD_2: 507,12544,48,196
100K_OE_EMPTYRAIDER101_1: 517,12872,48,38
100K_OE_FROSTBITE1036_1: 641,12612,48,75
100K_OE_KATOLATO_1: 744,12744,168,81
100K_OE_KEMKEMKEMKEMKEMKEM_1: 379,12754,72,41
100K_OE_NOVATHESKELEDRAGON_1: 503,12750,176,41
100K_OE_RATRIXROSE_1: 1199,12589,48,195
100K_OE_RBOR_1: 1022,12631,60,115
100K_OE_ROLINGP3_1: 661,12869,48,35
100K_OE_ZAMTREON_1: 111,12762,74,35
100K_OE_ZAMTREON_2: 10,12757,45,34
100K_HR_DRAGONLY44_1: 1511,13197,48,35
100K_HR_DRAGONPROPAGANDA_1: 1942,13172,204,35
100K_HR_FLANACE_1: 1669,13179,171,35
100K_SH_KIZORKE_1: 7159,11521,109,115
100K_SH_MEMORYCRYPTS_1: 6876,11595,256,35
100K_UW_CREATIVEGAMER03_1: 5113,9809,63,117
100K_SH_KATOLATO_1: 5672,11573,160,83
100K_UW_HAYSEN_1: 7342,11226,74,235
100K_UW_CHROMATICALBLIGHT_1: 7336,10948,152,194
100K_SS_FLANACE_1: 6098,9439,190,263
100K_UW_DAMOONLORD_3: 7439,10724,54,188
100K_UW_DAMOONLORD_2: 7375,10580,48,146
100K_UW_DAMOONLORD_4: 7278,10631,51,43
100K_UW_JACHII9_1: 7217,10470,60,35
100K_UW_TRONSX_1: 5299,10135,109,121
100K_UW_DAMOONLORD_1: 4924,10065,291,72
