Template: NONE
CeilingDrips: 0.5652174
WaveSpeed: 0.6086956
WaveLength: 0.6847826
WaveAmplitude: 0.5760869
SecondWaveLength: 0.1666667
SecondWaveAmplitude: 0
Clouds: 0.5869565
Grime: 0.1304348
Palette: 13
EffectColorB: 6
Effects: BorderPushBack-1-20-20, Fog-0.5652174-21-73, RockFlea-0.09782609-270-83, WaterGlowworm-0.8913044-317-12, 
PlacedObjects: LightSource><368.3935><438.5807><0.5000004~Environment~0~100~325~-493.3975~1~0~None~0~0, DangleFruit><2990.7><444.0081><-202~97~2~3, DangleFruit><3035.679><423.9119><-247~81~2~3, DangleFruit><1401.392><683.1091><-651~-6~2~3, DangleFruit><1372.517><634.0507><-473~70~2~3, JellyFish><2097.553><210.0374><-435~-116~2~3, JellyFish><2718.599><211.8685><0~0~2~3, CustomDecal><36.57648><104.5995><-161~161~452~638~776~-53~-202~228~0~1~0~fat tag~0~0.5652174~0.2608696~0.5652174~0.2608696~0.5652174~0.2608696~0.5652174, CustomDecal><757.8021><280.9712><-91~739~764~731~609~-44~-117~-515~0~1~0~rustb2~0.5326087~0.5434783~0.5326087~0.5434783~0.5326087~0.5434783~0.5326087~0.5434783, CustomDecal><1516.199><318.4834><-65~585~666~580~670~-183~-876~-566~0~1~0~rustb1~0.7065217~0.5~0.7065217~0.5~0.7065217~0.5~0.7065217~0.5, CustomDecal><2679.006><524.05><-102~454~1234~460~1237~-365~-55~-336~0~1~0~rust2~0.6086956~0.7282609~0.6086956~0.7282609~0.6086956~0.7282609~0.6086956~0.7282609, CustomDecal><7.846985><340.3712><-91~480~872~569~833~-252~-194~6~0~1~0~runningwhite~0.4021739~0.5434783~0.4891304~0.5434783~0.5326087~0.5434783~0.5326087~0.5434783, CustomDecal><3472.085><149.3872><-41~135~241~224~273~-29~-613~-66~0.2608696~1~1~bigm(b&w)~0.3369565~0.2282609~0.3369565~0.2282609~0.3369565~0.2282609~0.3369565~0.2282609, CustomDecal><3137.514><190.0505><-51~157~367~130~347~-84~-361~-441~0.1630435~1~0~greybones~0.3695652~0.4456522~0.3695652~0.4456522~0.3695652~0.4456522~0.3695652~0.4456522, CustomDecal><2716.158><516.3779><-73~171~372~209~393~26~-149~-505~0.3152174~0.6304348~0.4347826~oki~0.1630435~0.5108696~0.1630435~0.5108696~0.1630435~0.5108696~0.1630435~0.5108696, CustomDecal><3172.868><418.5997><-72~217~329~224~350~-43~-336~-411~0.2934783~1~0~greenwhite(var)~0.5108696~0.4891304~0.5108696~0.4891304~0.5108696~0.4891304~0.5108696~0.4891304, CustomDecal><2339.844><522.5737><-51~171~599~244~604~0~-580~-767~0.3152174~1~1~longwhiteugly~0.2282609~0.5869565~0.2282609~0.5869565~0.2282609~0.5869565~0.2282609~0.5869565, CustomDecal><1870.641><458.8921><-35~261~406~336~432~-196~-36~-704~0.2391304~0.5217391~1~actual vertical pink~0.25~0.2391304~0.25~0.2391304~0.25~0.2391304~0.25~0.2391304, CustomDecal><-197.8784><94.65338><-4~243~3721~367~4154~-51~-44~278~0~1~0~greenwhite~0~0.6956522~0~0.6956522~0.5217391~0.2717391~0.5217391~0.04347826, NoSpearStickZone><1338.627><794.105><0~100, MudPit><3861.399><45.32709><211~182~173, DataPearl><652.9158><327.388><0~0~0~0~Misc~1, DataPearl><3533.928><691.4089><197~-49.0484~0~0~Misc~0, DataPearl><2148.328><411.4342><-254~-139~0~0~Misc~1, DataPearl><1807.45><715.2568><0~0~0~0~Misc~0, DataPearl><3339.127><415.0341><0~0~0~0~Misc~1, 
AmbientSounds: SPOT><AM_WAT-Sea01.ogg><692.95><190.7548><0.423913><1><-94.05005><368.7548><1150.645><116.6447><0><0.7826087, SPOT><AM_IND-SuperStructure.ogg><722.65><489.0768><0.1413043><1><3718.65><523.0768><-650.3553><-190.3553><0><1, 
FadePalette: 8, 0.09782609, 0.3043478, 0.5543478, 0.5543478
