Template: NONE
RandomItemDensity: 0.2065217
RandomItemSpearChance: 0.05434782
Palette: 4
EffectColorA: 2
EffectColorB: 6
PlacedObjects: AirPocket><100.4901><-86.94977><791~858~30~30~Y~165, WaterNut><441.9261><126.9052><-4~78~2~3, WaterNut><419.5951><100.324><-10~185~2~3, WaterNut><401.3927><110.4188><-21~284~2~3, WaterNut><3250.682><409.5618><9~107~2~3, WaterNut><3280.383><383.6006><0~40~2~3, Hazer><3482.644><368.1115><5~38~5~8, DeadHazer><3549.193><368.0583><160~33~5~8, WaterNut><3198.531><404.1976><12~195~2~3, 
AmbientSounds: OMNI><AM_IND-Utility02.ogg><749.9462><460.7887><0.2065217><1, OMNI><SO_WAT-LilDrips.ogg><746.9285><373.0632><0.3695652><1, OMNI><SO_WAT-DripTap.ogg><750.394><545.1113><0.3478261><1, OMNI><SO_NAT-LilDrips.ogg><744.062><279.0683><0.3695652><1, SPOT><SO_WAT-OpenFlow.ogg><558.0033><499.8><0.2934783><1><2575.003><365.8><-557.3553><-80.35535><0><0.2956523, SPOT><SO_WAT-RunningWater.ogg><549.696><376.8074><0.25><1><2261.696><222.8074><-123.3553><107.6447><0><0.2086958, SPOT><SO_WAT-RunningWater.ogg><540.3776><239.1581><0.25><1><2843.377><221.1581><-105.3553><-119.3553><0><0.2086958, SPOT><SO_WAT-Splashes.ogg><362.1345><497.4132><0.3043478><1><2569.135><209.4132><-162.3553><-46.35535><0><0.328261, SPOT><SO_WAT-RunningWater.ogg><354.438><380.6818><0.2934783><1><703.438><261.6804><-118.3553><-205.3553><0><0.154348, SPOT><SO_WAT-OpenFlow.ogg><350.2869><258.6966><0.2282609><1><3385.287><668.6965><-42.35535><-38.35535><0><0.1217393, 
FadePalette: 8, 0.1413043, 0.09782609, 0.07608695, 0.09782609
