Template: NONE
CeilingDrips: 0.5618359
Clouds: 0.1932363
Grime: 0.6545895
WaterReflectionAlpha: 0.1884059
Palette: 4
EffectColorA: 2
EffectColorB: 6
Effects: Flies-0.4560384-20-20, TinyDragonFly-0.2859903-29.28888-91.15554, 
PlacedObjects: CustomDecal><105.0991><74.01361><-173.5111~617.4221~868.4445~638.7555~862.7556~-261.6889~0~0~0~1~0.7188402~rust2~0.4458933~1~0.2526567~0.2705314~0.4768116~0.8966184~0.6159419~0.6028987, CustomDecal><164.1456><179.6591><-17.77777~151.6444~266.8445~166.5778~301.6888~24.88887~221.1554~-185.6~0.3246354~0.3584528~1~monkeyface~0.2371972~0.5642508~0.5618359~0.7265705~0.19855~0.4251205~0.391788~1, CustomDecal><106.0989><318.2257><6.399994~363.5556~580.4445~435.3779~756.8~-7.822235~0~0~0~1~1~rust3~0.2371982~0.626087~0.5927532~0~0.5~0.06183558~0.7086951~0.2164254, CustomDecal><701.1599><241.4392><43.37769~332.9778~219.1999~332.2668~147.3776~-21.33334~-429.5111~-140.8~0.01545914~0.644445~0.4714972~verticalmess~0.1676331~0.1314007~0.5077296~0~0.2681162~0~0.1367154~0.9739128, 
AmbientSounds: OMNI><am_ind-factory01.ogg><731.5834><204.8047><0.3531395><0.9026086, OMNI><am_env-outside.ogg><725.3625><457.7989><0.6545895><0.9582615, 
FadePalette: 8, 0.1159421
