Template: NONE
CeilingDrips: 0.2216037
Grime: 0.291202
Palette: 5
EffectColorA: 10
EffectColorB: 2
PlacedObjects: CustomDecal><477.6728><172.0538><-16.36359~173.0427~373.674~157.3906~306.7969~-12.0948~-362.8438~3.557297~0.317063~1~0~badskin~0.3066688~0.5413271~0.4226675~0.5413271~0.2602695~0.5413271~0.4226675~0.5413271, CustomDecal><709.1697><165.1542><-4.980255~79.13022~123.9521~141.7385~106.8771~-19.92085~-362.8438~3.557297~0.317063~1~0~goblincrude~0.3066688~0.5413271~0.4226675~0.5413271~0.2602695~0.5413271~0.4226675~0.5413271, CustomDecal><476.5229><165.1542><-4.980255~79.13022~225.6906~144.5844~248.4572~-16.36357~-362.8438~3.557297~0.317063~1~0~whitetag11(bubbly)~0.2061366~0.5413271~0.3376017~0.5413271~0.1906702~0.5413271~0.2293366~0.5413271, CustomDecal><366.2469><165.8656><-67.58859~0.1583023~-61.02701~334.5436~-2.687469~336.5198~-362.8438~3.557297~0.6418593~1~0~canworm~0.1288043~0.5026607~0.2061368~0.5026607~0.2602695~0.5026607~0.4226675~0.5026607, CustomDecal><250.279><529.4209><-6.403107~61.34375~-75.25616~76.2843~-76.67914~9.960327~-362.8438~3.557297~0.6418593~1~0~ghostling2~0.1288043~0.5026607~0.2061368~0.5026607~0.2602695~0.5026607~0.4226675~0.5026607, CustomDecal><154.9438><565.7052><-6.403107~61.34375~54.22922~81.97595~55.65213~5.691589~-362.8438~3.557297~0.6418593~1~0~ghostling3~0.1288043~0.5026607~0.2061368~0.5026607~0.2602695~0.5026607~0.4226675~0.5026607, CustomDecal><165.6157><530.1324><-6.403107~61.34375~68.45847~79.13016~68.45837~6.403107~-362.8438~3.557297~0.6418593~1~0~junkgraffiti5~0.2602693~0.5026607~0.2061368~0.5026607~0.2602695~0.5026607~0.4226675~0.5026607, CustomDecal><147.1177><367.9199><-22.76666~92.64792~128.2209~131.0666~114.7031~-11.38336~-362.8438~3.557297~0.6418593~1~0~garbagewormtag~0.0592051~0.8429235~0.2061368~0.8429235~0.2602695~0.8429235~0.1520039~0.8429235, CustomDecal><253.125><330.924><-14.22919~72.01559~126.0865~131.7781~136.0468~-7.114594~-362.8438~3.557297~0.6418593~1~0~angryorangescribble~0.5645267~0.4175952~0.5645267~0.4175952~0.5645267~0.4175952~0.5645267~0.4175952, CustomDecal><360.5552><168><-6.403107~61.34375~75.57306~151.6989~125.3751~2.134354~-362.8438~3.557297~0.2783969~1~0~whitetag3~0.2602693~0.5026607~0.2061368~0.5026607~0.2602695~0.5026607~0.4226675~0.5026607, CustomDecal><60.31976><296.774><-49.09067~411.3812~443.3969~531.6177~419.9187~-19.20938~-362.8438~3.557297~0~1~0~rust2~0.3479959~0.5413271~0.3479959~0.5413271~0.3479959~0.5413271~0.3479959~0.5413271, CustomDecal><441.6616><185.7865><2.134277~285.4531~392.1719~304.6625~419.9187~-19.20938~-362.8438~3.557297~0.1778644~1~0~rust1~0.4896055~0.5413271~0.4896055~0.5413271~0.4896055~0.5413271~0.4896055~0.5413271, CustomDecal><-5.134384><40.48336><-49.09067~411.3812~443.3969~531.6177~419.9187~-19.20938~-318.0219~2.845829~0~1~0~rust2~0.05413267~0.5413271~0.05413267~0.5413271~0.05413267~0.5413271~0.05413267~0.5413271, CustomDecal><449.4875><26.96564><-49.09067~411.3812~443.3969~531.6177~419.9187~-19.20938~-362.8438~3.557297~0~1~0~rust2~0.1778644~0.5413271~0.1778644~0.5413271~0.1778644~0.5413271~0.1778644~0.5413271, 
FadePalette: 20, 0.3247961
WetTerrain: OFF
