Template: NONE
Clouds: 0.2391304
Grime: 0.3152174
Palette: 61
EffectColorA: 0
EffectColorB: 2
Effects: WaterLights-0.7282609-79-54, Darkness-0-409-108, Bloom-0.1304348-822-212, LightBurn-0.02173913-553-192, SunBlock-0.1630435-453-543, SkyBloom-0.5760869-736-487, 
PlacedObjects: AirPocket><104.1521><-11.37988><571~317~0~-39~Y~110, LightBeam><288.1953><219.9568><80~519~172~517~248~19~4~-121~0.4~0~0~1~None~0~0, LightBeam><639.4433><241.4418><-5~495~109~494~182~-5~-252~-222~0.4~0~0~1~None~0~0, LightBeam><890.0959><246.3775><37~497~126~490~173~-1~-38~-120~0.4~0~0~1~None~0~0, AirPocket><1119.308><2.555977><236~259~30~30~Y~120, CustomDecal><49.25769><-21.80014><-397~682~1266~714~1059~62~272~260~0~0.5326087~0~rustymetal(var)~0.1304348~0.9347826~0.1195652~0.7717391~0.1413043~1~0.09782609~0.4347826, CustomDecal><54.62964><117.6523><-28~204~847~162~1081~-2~-104~-118~0~0.2826087~0~megarust~0.5~1~0.5~1~0.5~1~0.5~1, CustomDecal><123.845><67.12637><0~558~1177~668~1067~25~93~-213~0.326087~1~0~megarust~0.2608696~1~0.7282609~1~0.1195652~1~0.9456522~1, CustomDecal><10.94672><40.7865><17~689~477~694~478~1~455.0001~9~0.2282609~1~0~runningwhite~0.4130435~1~0.05434782~1~0.6956522~0.3043478~0.3369565~0.8043478, CustomDecal><203.1999><382.994><-7~78~240~80~212~3~666~-107~0~1~0~rust2~0.5326087~0.5108696~0.2717391~0.25~0.5~0.8804348~0.5326087~0.3369565, 
FadePalette: 8, 0.01086957
