Template: NONE
DangerType: FloodAndRain
CeilingDrips: 0.6623976
WaveAmplitude: 0
SecondWaveAmplitude: 0
Clouds: 0.3379868
WaterReflectionAlpha: 1
Palette: 4
EffectColorA: 2
EffectColorB: 1
PlacedObjects: DataPearl><890.1692><593.4333><0~0~0~0~Misc~0, DangleFruit><409.7853><592.7349><66.87695~-153.675~2~3, DangleFruit><954.0385><530.1199><0~0~2~3, DangleFruit><983.0164><558.2171><0~0~2~3, DangleFruit><1007.981><514.8432><0~0~2~3, DangleFruit><384.7242><553.5867><0~0~2~3, DangleFruit><436.8781><583.7818><0~0~2~3, LightSource><604.7091><744.2673><0.1725411~Environment~29.16974~-153.9906~249.2083~-247.0714~1~1~None~0~0, LightBeam><519.7129><88.31535><-29.1698~673.9095~178.0228~672.4865~304.6625~49.80207~-362.1323~69.72293~0.08293682~0~0~1~None~0~0, ReliableSpear><939.7125><206.1593><, ReliableSpear><263.4581><200.365><, ReliableSpear><300.1227><455.6876><, InsectGroup><740.086><440.8246><58.33954~90.03955~0~0~StandardFly~0.190672, LightSource><601.8815><316.3347><0.2808075~Environment~-352.8832~337.6271~50~86.60254~1~0~None~0~0, InsectGroup><412.2552><315.351><-33.43863~65.13846~0~0~StandardFly~0.1288041, WaterNut><937.2114><215.2715><0~0~2~3, WaterNut><289.4688><191.7965><0~0~2~3, WaterNut><896.6011><189.8734><0~0~2~3, CustomDecal><186.6233><24.04133><-61.18547~153.8334~949.2438~150.9875~837.5449~3.814697E-06~248.299~227.6667~0.02319867~1~0~dirtywaterline~1~0.5181274~0.543739~0.5181274~0~0.479461~0~0.4485295, CustomDecal><476.7435><495.6955><-7.825867~355.8878~251.303~358.7335~244.1886~-18.49799~66.87701~-394.148~0~0.6520041~0~rust3~0.5282712~0.7887905~0.5282712~0.8042569~0.5282712~0.7501248~0.5282712~0.7501248, CustomDecal><287.4702><152.8567><-38.41876~342.3698~102.6083~409.9583~106.8771~-4.268738~207.0344~60.47386~0.3015959~0.6597376~0~tallsquid~0.5927987~0.3557301~0.5927987~0.2861295~0.5927987~0.4021288~0.5927987~0.4639939, CustomDecal><459.0529><51.06863><-170.0385~88.3869~-175.5641~535.8942~183.011~707.901~176.4417~121.6593~0.007732889~1~0~whitebigtag~0.2138692~0.5181268~0.2834678~0.5258603~0.3144014~0.4562624~0.2370692~0.5490597, CustomDecal><394.9022><83.82974><-244.7417~66.32396~-260.2355~528.7717~85.53339~660.2333~251.8563~73.99162~0.02319933~1~0~whitejunk2~0.2448027~0.4871939~0.2680007~0.4253281~0.2757363~0.4485275~0.2370698~0.4949268, CustomDecal><336.6749><71.58376><-64.03122~686.7156~725.1343~673.9094~588.5343~-27.74688~633.1978~11.38332~0~1~0~bluewhitejunk~0.1906712~0.6495919~0.268004~0.5335932~0.2216054~0.6109261~0.252537~0.665059, CustomDecal><727.6802><624.3181><243.3188~26.4823~217.1531~-435.9656~-36.83765~-532.8822~-426.8749~-300.2354~0.641859~1~0~greenwhite~0.4354739~0.4330623~0.3658739~0.5103939~0.4741397~0.4717281~0.4277397~0.5490603, CustomDecal><804.5548><61.69374><-185.6906~642.6052~311.7772~644.0282~274.7813~49.09061~-380.6302~138.0229~0.007732889~1~0~greybones~0.1210699~0.6263925~0.1210699~0.6959912~0.1210699~0.572259~0.1210699~0.6573254, CustomDecal><897.3002><146.8244><-69.01147~-14.07086~-51.06653~306.0854~30.75104~204.9001~-466.0051~92.48962~0.3325301~0.6442699~0~yellowbubbly~0.3658746~0.4871946~0.4122746~0.4717275~0.3658759~0.4871946~0.4741397~0.4485281, ReliableSpear><196.804><389.6599><, CustomEntranceSymbol><133.309><391.3666><17.32051~-10~ShortcutDots~0.25, CustomEntranceSymbol><1066.667><365.9182><-167.683~96.70041~ShortcutDots~0.25, 
AmbientSounds: OMNI><AM_IND-Utility02.ogg><770.6531><457.1375><0.2216027><1, OMNI><SO_WAT-DripTap.ogg><597.949><460.2627><0.6005322><1, SPOT><AM_ENV-LightWind.ogg><702.3691><326.2687><0.5><0.8329613><603.7172><714.8198><-91.56049><-125.7106><0><0.1309323, OMNI><SO_WAT-LilDrips.ogg><427.8281><454.7745><0.2061356><1, 
FadePalette: 8, 0.1933312
