Template: NONE
Clouds: 0.1855976
Grime: 0.2216031
Palette: 2
EffectColorA: 12
EffectColorB: 10
PlacedObjects: FloatingDebris><562.6866><332.6387><50~50~1894488611~24~24~3~3~5~-354.1485|550.6687~66|85.19995~3.262666|1.199333~-0.6189696|-0.4588892~1.600781|1.216593~Stardust~1~0.09604736v0.4162033v0v0|-0.5122498v1.718173v0v0~0, DeadSeedCob><179.6322><613.7503><, SeedCob><1175.756><461.3262><-103.5172~176~1~10, DeadSeedCob><165.1933><657.1866><, CustomDecal><245.6188><504.6007><20.27657~196.8~259.8406~192.5333~259.8406~-62.93335~618.9688~-225.0667~0.3131959~0.5592054~1~angularwhiteols~0.5360054~1~0.5360054~1~0.5360054~1~0.5360054~1, CustomDecal><37.34935><461.5223><-42.6875~175.4667~120.0391~188.2667~108.3~-48~588.0203~-46.93341~0~0.5592048~0~sr~0.4200068~1~0.4200068~1~0.4200068~1~0.4200068~1, ClimbablePoleH><175.6093><539.3412><13^2, ClimbablePoleV><565.668><54.80608><0^23, ClimbablePoleV><1054.453><46.54282><0^15, ClimbablePoleH><552.8924><280.3652><11^0, ClimbablePoleH><1105.142><166.2606><-11^-1, 
FadePalette: 8, 0.3479959
