Template: NONE
WaveSpeed: 0.5
WaveLength: 0.75
WaveAmplitude: 0.04249527
SecondWaveLength: 0.1666667
SecondWaveAmplitude: 0
Clouds: 0.9021739
Grime: 0.1847826
Palette: 457
Effects: SkyBloom-0.1847826-20-20, 
PlacedObjects: CustomDecal><-70.0508><1319.018><-1~211~489~207~490~-1~837~-186~0~1~0~greenrectangle~0.3369565~0~0.3369565~0~0.3369565~0~0.3369565~0, CustomDecal><-27.41388><837.5695><2~240~486~238~488~1~879~-57~0~1~0~bluerectangle~0.326087~0~0.326087~0~0.326087~0~0.326087~0, CustomDecal><14.3223><598.6582><-2~243~488~243~488~3~33~-84~0~1~0~redrectangle~0.3369565~0~0.3369565~0~0.3369565~0~0.3369565~0, CustomDecal><296.4887><-21.05032><-1~102~488~100~488~0~184~-27~0~1~0~greenrectangle~0.3369565~0~0.3369565~0~0.3369565~0~0.3369565~0, CustomDecal><-144.6233><-17.09251><-12~138~443~134~441~0~8~30.99998~0~1~0~yellowrectangle~0.423913~0~0.423913~0~0.423913~0~0.423913~0, CustomDecal><-147.3><121.7515><-11~236~369~239~363~-2~47~104~0~1~0~bluerectangle~0.2934783~0~0.2934783~0~0.2934783~0~0.2934783~0, CustomDecal><507.073><1151.314><-64~231~178~230~175~-5~-418~-65~0.6195652~1~0~greenrectangle~0.2717391~0~0.2717391~0~0.2717391~0~0.2717391~0, CustomDecal><432.8315><909.3923><44~239~304~236~302~4~-282~-15~0.5326087~1~0~yellowrectangle~0.3586957~0~0.3586957~0~0.3586957~0~0.3586957~0, CustomDecal><421.0925><1382.323><-1~137~169~140~168~-1~-10~-463~0.5326087~1~0~redrectangle~0.5~0~0.5~0~0.5~0~0.5~0, LightSource><841.3222><1343.314><0.5760869~Environment~-810~-227~50~86.60254~1~1~None~0~0, LightSource><999.927><896.407><0.4130435~Environment~-949~-117~50~86.60254~1~1~None~0~0, LightSource><724.557><386.4417><0.4673913~Environment~-914~-216~50~86.60254~1~1~None~0~0, LightSource><266.3823><235.4><0.2608696~White~-351~444~104~-31.39746~1~1~None~0~0, LightSource><424.2062><1445.695><0.08695652~White~462~-274~50~86.60254~1~1~None~0~0, CustomDecal><254.0964><79.12808><-15~112~384~112~378~-68~396~-44~0.6195652~1~0~bluerectangle~0.2391307~0~0.2391307~0~0.2391307~0~0.2391307~0, CustomDecal><418.1022><418.8653><9~234~228~237~225~3~283~-308~0.6086956~1~0~yellowrectangle~0.326087~0~0.326087~0~0.326087~0~0.326087~0, CustomDecal><494.4121><652.8829><-47~260~111~258~115~3~-365~-229~0.5217391~1~0~redrectangle~0.3804348~0~0.3804348~0~0.3804348~0~0.3804348~0, CustomDecal><212.0995><193.1317><16~216~350~229~350~-1~387~-293~0.6086956~1~0~greenrectangle~0.25~0~0.25~0~0.25~0~0.25~0, InsectGroup><354.5532><127.0355><-17~210~0~0~RockFlea~0.3152174, DangleFruit><433.329><273.3538><29~-8~2~3, DangleFruit><397.3043><302.0414><0~0~2~3, CustomDecal><226.4084><201.4278><9~156~307~154~305~-5~329~118~0.5~1~0~mdrcrossboxcrab~0.8152174~0.173913~0.8152174~0.173913~0.8152174~0.173913~0.8152174~0.173913, 
