Template: NONE
CeilingDrips: 0.1630435
WaveAmplitude: 0.04950158
SecondWaveAmplitude: 0
Clouds: 0.1413043
Grime: 0
Palette: 14
EffectColorA: 6
EffectColorB: 18
Effects: ModifyEffectColorA-0,0.7173915,0.2282607-20-20, LocustSwarmConfig-0.09782609,0.423913,0.5108696,0.4021739,1-316-24, 
PlacedObjects: InsectGroup><201.941><335.4408><-332~-2~0~0~RedSwarmer~0.4021832, CustomDecal><248.2324><-227.6992><-538~726~277.0001~1046~839~88~497~265~0~1~0~big rust 2~0.2282609~0.2608702~0.8913044~0.2608702~0~0.2608702~0.326087~0.2608702, CustomDecal><-126.2715><326.0511><-86.00003~275~229~334~255~57~526.9999~-233~0~0.2391304~0~floated~1~0~1~0.7934783~0.1956522~1~0.9891304~1, CustomDecal><771.0533><442.7138><-17~114~98~124~99~10~-221.0001~-219~0~1~0~scav nature warning small~1~0.3478254~1~0.3478254~1~0.3478254~1~0.3478254, CustomDecal><327><320><-89~302~465.0001~278~453.0001~2~-272.0001~-151~0~0.2826087~0~horsey~1~1~1~1~1~1~1~1, CustomDecal><-184><22><1.000001~394~221.0002~392~176~72~551.9998~-12~0~1~0~big ogsporing~0.9239137~0.3586957~1~0~0.5978268~0.1847826~0.1630435~1, CustomDecal><-155.9999><448><-38~90~83~115~92~18~265.9999~-321~0~1~0~sunling~1~1~1~1~1~1~1~1, LocustCloud><361.3242><364.6857><83.99982~197, PuffBall><557.9699><294.6978><18~52~1~3, PuffBall><22.12959><184.0978><-54.00003~65~2~3, PuffBall><616.0002><283.0101><18~52~1~3, LocustCloud><94><345><121.9998~-321, CustomDecal><855><346><7~212~232~206~238~-19~-396.0001~-186~0~1~0~friendly cat~1~0.5108702~1~0.5108702~0.4782615~0.5108702~1~0.5108702, MudPit><-184.9803><-17.57066><270~148~169, 
FadePalette: 98, 0.1195652
WetTerrain: OFF
