Template: NONE
RainIntensity: 0.6
RumbleIntensity: 0.06
Clouds: 0.2165305
Grime: 0
Palette: 5
EffectColorA: 10
EffectColorB: 2
Effects: RockFlea-0-20-20, Moth-0.2010644-21.46252-81.91111, 
PlacedObjects: FirecrackerPlant><114.3042><353.5779><-272.4886~-320.7111~2~3, FirecrackerPlant><29.48483><352.9495><-181.4218~-270.2222~2~3, CustomDecal><322.9238><148.7892><-24.18958~199.2889~128.9324~190.0444~133.2011~-1.422226~-401.2625~68.97778~0~1~0~boxbird~0.1880092~0~0.1880092~0~0.1880092~0~0.1880092~0, CustomDecal><995.5012><84.95342><-9.960388~124.6222~436.2823~121.0667~399.2865~-4.266663~167.9041~164.2666~0.340263~1~0~albinooctopus~0.3994638~0~0.3994638~0~0.3994638~0~0.3994638~0, CustomDecal><422.1741><91.88207><-23.47815~174.4~210.0385~126.7556~321.7375~-41.24445~-140.1573~214.7556~0.3557288~1~0~wetwhite~0.4999987~0~0.4999987~0~0.4999987~0~0.4999987~0, CustomDecal><691.3662><91.92514><-54.78229~145.2444~253.4375~84.8~224.2678~-67.55556~-167.9042~150.0444~0.340263~1~0~greenpink~0.4845335~0~0.4845335~0~0.4845335~0~0.4845335~0, CustomDecal><475.0172><246.4916><-37.70728~69.86667~79.84167~77.68887~69.88123~-24.88889~38.4187~121.6~0~1~0~unq - orangeteeth~0.4922671~0~0.4922671~0~0.4922671~0~0.4922671~0, CustomDecal><335.7684><82.54836><-1.422913~138.8444~125.375~79.82222~112.5688~-51.2~-69.01141~101.6889~0.3479959~1~0~pointyarrows~0.5~0~0.5~0~0.5~0~0.5~0, CustomDecal><592.7003><224.5214><-81.81775~78.39999~474.701~70.57776~380.7886~-68.26669~0~0~0.355729~1~0~jellyfish~0.2448035~0~0.2448035~0~0.2448035~0~0.2448035~0, CustomDecal><124.2575><80.76987><-17.78647~33.59999~32.88541~52.8~46.40314~9.955551~-313.7531~-53.33334~0~1~0~lilowl~0.5~0~0.5~0~0.5~0~0.5~0, CustomDecal><897.5011><242.3328><-91.06665~67.02222~207.1926~138.8445~281.1843~-83.2~-372.8041~-59.02222~0~1~0~greenpink~0.5~0~0.5~0~0.5~0~0.5~0, CustomDecal><1113.772><186.3849><-10.67184~99.73334~86.95624~104.7111~128.2209~-15.64444~0~0~0~1~0~undeadthumb~0.3221356~0~0.3221356~0~0.3221356~0~0.3221356~0, CustomDecal><1402.426><222.955><12.80624~113.9556~152.4104~32.88889~89.09064~-41.24446~0~0~0.2474631~1~0~yellowfrog~0.3144027~0~0.3144027~0~0.3144027~0~0.3144027~0, CustomDecal><1291.226><233.4479><-0.7114563~99.73331~126.0865~113.9556~131.7781~-71.8222~0~0~0~1~0~norgad liz~0.3453356~0~0.3453356~0~0.3453356~0~0.3453356~0, CustomDecal><1275.929><198.5616><-17.78644~67.73334~185.1375~52.08887~88.37915~-41.24445~0~0~0~1~0~organ~0.5~0~0.5~0~0.5~0~0.5~0, SporePlant><1409.342><231.9605><0~0~7~10, 
FadePalette: 15, 0.2266758, 0.2242641
