Template: NONE
DangerType: Sandstorm
WaveSpeed: 0.3918501
WaveLength: 0.8958417
WaveAmplitude: 0.0004200676
SecondWaveLength: 0.1666667
SecondWaveAmplitude: 0
Clouds: 1
Palette: 464
EffectColorA: 8
EffectColorB: 21
TerrainLight: 0.3064177
TerrainStainAmount: 0.05279408
TerrainStainBrightness: 0.5527954
TerrainStainHeight: 0.2111803
TerrainWaves: 0.5455481
TerrainEdgeRadius: 28.32297
TerrainGooHeight: 0.8328154
TerrainGrain: 0.6579696
TerrainDepth: 3.05124
TerrainSkyFade: 0.2287783
TerrainPalette: badlands
Effects: BorderPushBack-1-35.38095-11.09565, Fog-0.2991718-310.9048-198.4406, Bloom-0.03519655-330.619-206.9565, WaterLights-0.1583849-299.3333-202.1159, LightRain-0.1055898-314.1904-200.2435, HeavyRain-0-293.4286-208.0173, WaterDepth-0.01759836-337.1429-219.8898, DirtyWater-0.1847826-312.3333-229.1478, SilenceWater-0.1904763-299.381-217.2754, SKLightningHue-0.8623173-343.619-212.4696, WaterGlowworm-0.9736027-296.6667-216.9217, Ant-0.7479294-303.4285-218.0174, TinyDragonFly-0.5983436-281.8572-219.855, FireFlies-0.7127331-307.2381-209.0783, SKLightning-0.05279475,0.1263975,0.1879909-173.1428-290.3131, SandPuffs-0.8095239-287.2857-212.3999, Salt Flakes-0.08799183-313.8571-222.5739, DustWave-0.2463769-20-20, SandStorm-0.1231886-295.5238-78.97392, SurfaceSandstorm-0.10559-44.04764-94.16812, RedSwarmer-0.2463767-292.8571-225.1188, Moth-0.1407867-297.1905-220.2783, 
PlacedObjects: TerrainHandle><8.904037><245.5201><-52.95236~69.75073~0~-27.45508~40.03482, TerrainHandle><259.4791><157.1391><-11.66666~5.194199~37.57144~5.936234~85.29855, TerrainRubble><171.7073><196.0655><0~137.8435, TerrainHandle><622.0927><156.8094><-40~0~32.71429~-20.03479~37.06667, AirPocket><764.4087><-35.66485><1097.333~154.7363~30~30~Y~-9.785507, TerrainHandle><1009.018><70.52199><-230.238~10.3884~79.66675~28.93911~106.8174, TerrainHandle><59.28082><196.4419><-86.14284~-38.58551~103.9524~-46.74782~99.39713, TerrainHandle><754.3806><129.83><-75.61902~9.646393~27.85712~-19.29276~20, TerrainHandle><1294.777><28.64845><-105.5715~29.68116~41.61908~-23.74492~22.22608, TerrainHandle><1403.119><-23.38525><-40~0~67.52386~-4.452174~46.71305, TerrainHandle><1776.503><140.5196><-40~0~35.14282~-8.162323~31.87245, TerrainHandle><2117.201><52.42513><-40~0~171.1428~-35.61739~9.611588, TerrainHandle><1983.959><77.05057><-56.19043~14.09855~72.38086~-20.77681~34.09856, AirPocket><1849.802><-24.68032><159.9047~374.3768~34.01917~-18.97391~Y~-7.559419, SpinToy><2461.89><139.1344><0~100, JellyFish><2634.391><69.89976><171.6191~169.1826~2~3, JellyFish><3166.478><81.05601><0~0~2~3, JellyFish><3049.108><123.5303><0~0~2~3, PlacedFrog><2855.126><179.8011><, WaterNut><2033.592><112.4601><-148.1429~167.6985~2~3, WaterNut><1942.16><122.5127><-46.95239~172.8928~2~3, FlyLure><1879.213><140.3368><-29.95236~155.0841~4~9, BubbleGrass><2420.4><87.40294><-437.1428~-18.55077~4~9, ReliableSpear><2565.016><107.0569><, ReliableSpear><1869.702><177.0648><, AirPocket><1987.73><44.23152><734.6666~105.7623~82.61905~175.4377~Y~13.21738, Hazer><3074.756><73.097><0~0~7~10, Hazer><1911.406><153.4689><0~0~7~10, TerrainHandle><2953.828><98.38603><-130.6666~-80.88121~80.47632~-35.61739~25.93622, TerrainHandle><2718.318><-36.41062><-338.7143~0~40~0~3.675363, TerrainHandle><3087.056><15.81542><-18.14282~21.51884~35.14282~-12.61449~20, CentipedeAttractor><814.8781><71.46033><5.666626~75.51305, CentipedeAttractor><1031.542><70.04621><1.619019~75.51305, CentipedeAttractor><924.687><125.3881><4.857056~45.08987, CentipedeAttractor><923.0284><43.65205><-2.428589~33.21739, AirPocket><-211.4191><-48.82888><1226.048~217.8087~30~30~Y~-49.85507, 
FadePalette: 8, 0.01449286, 0.005693684, 0
