Template: NONE
Clouds: 0.4021739
Grime: 0.2065217
Palette: 14
EffectColorA: 4
EffectColorB: 18
PlacedObjects: CustomDecal><1895.823><112.2119><2.845833~199.2889~944.975~261.1556~860.3115~-88.17778~-59.05107~160~0~1~0~long tag~0~0.3581407~0~0.3581407~0.5695993~0.3581407~0.2912027~0.3581407, CustomDecal><1974.359><177.617><2.845833~101.1556~111.1458~91.20001~91.93646~-2.133331~-118.1021~113.0667~0~1~0~goblincrude~0.2989356~0.2397308~0.2989356~0.2397308~0.2989356~0.2397308~0.2989356~0.2397308, CustomDecal><2383.588><179.3815><4.980225~106.8444~295.4135~108.2667~283.3187~-18.48889~503.0011~156.4445~0~1~0~bluewhitejunk~0.3994678~0.2551973~0.3994678~0.2551973~0.3994678~0.2551973~0.3994678~0.2551973, CustomDecal><2196.652><171.0311><-31.30417~59.2~100.474~124.6222~149.5646~51.91112~-313.7531~-137.2444~0~1~0~whitetag7~0.4922668~0.2087975~0.4922668~0.2087975~0.4922668~0.2087975~0.4922668~0.2087975, CustomDecal><2139.912><101.456><-4.268738~206.4~237.7854~252.6222~259.1292~-14.22221~393.4365~-33.42223~0~0.1880095~0~ghostsplash~0.2448027~0.317063~0.2448027~0.317063~0.2448027~0.317063~0.2448027~0.317063, CustomDecal><731.7094><109.9471><0.7114583~86.22223~567.9021~117.5111~568.6135~-71.11111~358.575~219.7333~0~1~0~greybones~0.2138698~0.3711953~0.2138698~0.3711953~0.2138698~0.3711953~0.2138698~0.3711953, CustomDecal><1136.132><58.70352><-7.82605~143.1111~116.126~130.3111~82.6875~-2.844444~208.4573~238.9333~0~1~0~whitetag~0.5077335~0.2938631~0.5077335~0.2938631~0.5077335~0.2938631~0.5077335~0.2938631, CustomDecal><776.0579><73.06268><-57.62817~98.31111~69.1698~136~130.3551~17.77779~-778.3354~-43.37776~0~1~0~firewisp~0.3685349~0.2397305~0.3685349~0.2397305~0.3685349~0.2397305~0.3685349~0.2397305, VultureGrub><2525.706><29.53158><0~0~7~10, VultureGrub><2349.085><33.72903><0~0~7~10, 
AmbientSounds: OMNI><am_env-lightwind.ogg><743.0823><534.4474><0.4304007><1, OMNI><am_env-outside.ogg><750.9428><495.4261><0.4304007><1, OMNI><am_env-natwind.ogg><717.2772><407.5085><0.3066691><1, SPOT><am_ind-utility02.ogg><277.3606><434.4877><0.4381339><1><15.65753><449.421><-59.54492><-56.68866><0><0.1850656, SPOT><am_ind-utility04.ogg><807.9991><270.0993><0.4072013><1><3041.803><303.5216><-100.8094><-85.84424><0><0.08453369, 
FadePalette: 15, 0.2717391, 0.2717391, 0.2608696
