Template: NONE
CeilingDrips: 0.5543478
Clouds: 0.2826087
Grime: 0.3586957
RandomItemDensity: 0.2934783
RandomItemSpearChance: 0.1782608
Palette: 5
PlacedObjects: CustomDecal><790.3967><374.0787><-15~270~433~336~448~112~214~-560.0068~0.6630435~0.75~0~badskin~0~0.4347826~0.7934783~0.4347826~0.7391304~0.4347826~0~0.4347826, CustomDecal><660.4067><205.9269><-3~264~604~364~578~4~10~-424~0.6304348~0.75~0~greenrounded~0.9021739~0.2608696~0.7391304~0.2608696~0.5978261~0.2608696~0~0.2608696, CustomDecal><879.4249><94.90308><10~292~347~340~343~62~-469~-300~0.3043478~0.7391304~0~pointyarrows(var)~0.8043478~0.1195652~0.2173913~0.25~0.0326087~1~0.2173913~0.25, CustomDecal><759.5502><408.2587><-7~89~260~110~263~43~-610~-621~0~1~0~alienletterb&w~0~0.3804348~0.5108696~0.3804348~0.6630435~0.3804348~0.3043478~0.3804348, CustomDecal><828.7818><168.0526><-26~72~101~89~101~36~-653~26~0.2934783~0.4130435~0~whitetag3~0.4782609~0.2282609~0.4782609~0.2282609~0.4782609~0.2282609~0.4782609~0.2282609, CustomDecal><751.6542><176.8727><16~59~103~44~87~-2~-356~233~0.2608696~0.4456522~0~whitetag8~0.3586957~0.3913043~0.3586957~0.3913043~0.3586957~0.3913043~0.3586957~0.3913043, 
AmbientSounds: OMNI><AM_IND-Warehouse03.ogg><765.0524><467.7194><0.4347826><1, OMNI><AM_IND-Utility02.ogg><658.0685><238.1879><0.3913043><1, SPOT><SO_IND-MechHum02.ogg><522.5649><418.1741><0.3152174><0.5108696><336.5649><526.1741><-35.35534><-35.35534><0><0.1217393, 
FadePalette: 20, 0.3586957
