Template: NONE
Clouds: 0.1521739
Grime: 0.2391304
Palette: 5
EffectColorA: 10
EffectColorB: 18
PlacedObjects: CustomDecal><372.7134><140.0534><-6~97~85~114~53~-7~-527~-82~0.1847826~1~0~hoko batfly~0.2934783~0.2717391~0.5~0.2717391~0.3913043~0.2717391~0.7717391~0.2717391, CustomDecal><190.3527><110.8648><-361~625~734~625~415~-328~35~-15~0.173913~1~0~rustb3~0.4347826~0.8586956~0.3913043~0.4673913~0.2826087~0.4673913~0.5869565~0.4673913, CustomDecal><84.69885><149.9786><-54~346~402~505~275~251~237~-108~0~0.3152174~0~blackrust1~0.7608696~1~0.6521739~1~0.5652174~1~0.3913043~1, CustomDecal><142.1906><451.3107><-15~272~496~318~563~-42~653~-259~0~0.3152174~0~rustb3~0.5869565~1~0.3043478~1~0.3369565~1~0.1195652~1, CustomDecal><522.0615><22.55969><-34~324~194~338~122~-138~-295~-116~0.1195652~1~0~rust2~0.2934783~0.7065217~0.5~0.7065217~0.5~0.7065217~0.5~0.7065217, CustomDecal><605.2062><244.4451><-121~358~501~427~375~-68~-468~14~0.2717391~1~0~blackrust1~0.2173913~0.7391304~0.5434783~0.7391304~0.5543478~0.7391304~0.2717391~0.7391304, CustomDecal><536.3254><353.3476><-7~140~444~292~620~29~-369~-265~0.25~1~0~biggreen~0.2173913~0.3586957~0.4456522~1~0.2717391~0.3586957~0.1630435~0.3586957, LightBeam><1195.568><332.9167><-90~-365~1226~-359~1057~21~-225~-322~0.01956508~0.3478261~0~1~None~0~0, CustomDecal><1047.563><-30.57135><6~758~1282~766~1619~-11~-58~261~0.6413044~1~0.9456522~unq - plate5~0.1086956~1~0.04347826~1~0.09782609~1~0~1, CustomDecal><1278.876><77.15543><48~662~583~611~576~-107~-235~-21~0~0.3043478~0~rustb3~0.2717391~0.7173913~0.3695652~0.7173913~0.4347826~0.7173913~0.326087~0.7173913, CustomDecal><1589.946><162.9606><-93~473~538~573~484~-162~-82~112~0~0.3043478~0~blackrust1~0.2717391~0.8152174~0.4456522~0.8152174~0.3586957~0.8152174~0.4130435~0.8152174, CustomDecal><1206.147><383.6149><-8~81~41~111~40~0~-241~-386~0~1~0~ghostling3~0.4347826~0.6413044~0.5543478~0.4347826~0.3913043~0.6739131~0.5~0.4347826, CustomDecal><1188.564><337.5748><2~77~-46~91~-45~-3~-307~-25~0~1~0~ghostling2~0.4673913~1~0.2391304~1~0.3695652~1~0.2934783~1, CustomDecal><2279.439><268.9371><-12~89~478~126~450~44~-293~-304~0.6413044~1~0~sofantheil~0.3478261~0.9673913~0.5434783~0.9673913~0.5652174~0.9673913~0.4021739~0.9673913, CustomDecal><1916.138><516.6058><-1~126~241~147~236~43~-62~-424~0~0.1956522~0~shinytag~0.6956522~0.4673913~0.7608696~0.4673913~0.5869565~0.4673913~0.8586956~0.4673913, CustomDecal><2178.437><246.9312><-88~281~816~330~687~143~-133~-295~0~0.1956522~0~rustb3~0.3152174~1~0.6521739~1~0.6195652~1~0.5~1, CustomDecal><2054.367><157.0883><-67~304~1536~580~1407~-194~14~21~0.1630435~0.5217391~0~bluebrown~0.1086956~1~0.1847826~1~0.08695652~1~0.1304348~1, CustomDecal><2933.816><252.9384><34~288~161~283~138~-61~-697~102~0~1~0~rustb1~0.4565217~0.7282609~0.3152174~0.7282609~0.7934783~0.7282609~0.3478261~0.7282609, CustomDecal><2824.874><225.843><-26~204~145~227~170~38~-484~103~0.2717391~1~0~sonix - critic~0.7173913~0.5978261~0.3913043~0.3695652~0.5543478~0.4565217~0.2608696~0.3695652, 
AmbientSounds: SPOT><AM_ENV-LightWind.ogg><787.902><518.6743><0.2826087><1.195652><1631.902><49.67432><-188.3553><133.6447><0.06521739><0.1869567, SPOT><Basic Mech.ogg><689.1805><380.6638><0.1086956><1><795.1805><390.6638><-29.35535><65.64465><0><0.08913057, SPOT><AM_IND-50hz.ogg><359.6812><404.6654><0.3369565><0.4130435><944.6812><374.6654><-7.355347><-45.35535><0><0.1, OMNI><AM_IND-Warehouse01.ogg><792.6885><414.9333><0.4673913><1, SPOT><SO_IND-MechHum02.ogg><654.8556><200.0801><0.1630435><0.823913><970.8556><635.0801><414.6447><-253.3553><0.3586957><0.2413045, SPOT><so_ind-hvac.ogg><763.2996><309.8062><0.1956522><1><2813.3><210.8062><-139.3553><-34.35535><0><0.1, 
FadePalette: 20, 0.326087, 0.326087, 0.326087
