Template: NONE
CeilingDrips: 0.5811598
Clouds: 0.2028988
Grime: 0.0999998
Palette: 14
EffectColorB: 18
PlacedObjects: CustomDecal><143.0612><204.9994><-17.06665~102.4~335.4666~110.4~299.7333~-8.53334~-311.4667~-33.59999~0.3188405~1~0~pillman~0.3144926~0.2840578~0.3144926~0.2840578~0.3144926~0.2840578~0.3144926~0.2840578, InsectGroup><633.1284><409.871><-66.1333~177.3333~0~0~RockFlea~0.1927537, InsectGroup><395.8369><431.6833><-97.06665~182.6667~0~0~Ant~0.2043477, 
AmbientSounds: OMNI><AM_ENV-CityTone.ogg><341.0275><149.1077><0.1521739><1, SPOT><AM_ENV-LightWind.ogg><559.0665><61.54614><0.5><1><280.1332><625.8128><-35.35534><-35.35534><0><0.3144929, SPOT><AM_ENV-Outside.ogg><92.2164><47.62694><0.3586957><1><223.0831><605.4935><-170.2887><-86.02197><0><0.5637684, SPOT><AM_IND-Utility02.ogg><336.906><39.38445><0.5><1><375.306><380.7178><-53.48871><-44.95532><0><0.2913042, SPOT><AM_IND-Utility01.ogg><775.4156><82.064><0.5><1><671.949><391.9307><-47.62189><-49.75534><0><0.3202906, 
FadePalette: 8, 0.3188405
