Template: NONE
Clouds: 0.1304348
Grime: 0.2608696
Palette: 9
EffectColorA: 13
EffectColorB: 18
Effects: Flies-0.1304348-20-20, 
PlacedObjects: SeedCob><746.1009><424.8667><0~0~4~9, DeadSeedCob><1043.95><542.2426><, DeadSeedCob><835.5521><374.2791><, CustomDecal><1076.803><241.7824><-61~661~489~657~483~-44~-355~-276~0.4021739~1~0~rustb1~0.6521739~0.9456522~0.6521739~0.9456522~0.6521739~0.9456522~0.6521739~0.9456522, CustomDecal><462><12.00001><-96~665~668~699~732~14~-343~12~0.0326087~1~0~rustb3~0.6521739~1~0.5652174~1~0.6521739~1~0.6195652~1, CustomDecal><56.99998><221><0~532~506~582~362~-127~792~87~0~1~0~rust2~0.2391304~1~0.2391304~1~0.2391304~1~0.2391304~1, CustomDecal><596.8538><226.6136><-41~323~383~307~335~-9~-468~-92~0.326087~1~0~caterpillar~0.4021739~0.173913~0.4021739~0.173913~0.4021739~0.173913~0.4021739~0.173913, CustomDecal><974><459><-38~301~74~381~146~-28~-468~-92~0.6521739~1~0~scav wedges3(vert)~0.3369565~0.2282609~0.3369565~0.2282609~0.3043478~0.2282609~0.2826087~0.2282609, CustomDecal><1046><402><-50~415~146~419~174~-29~-391~-149~0~1~0~rust1~0.25~0.2282609~0.25~0.2282609~0.25~0.2282609~0.25~0.2282609, ReliableSpear><863.6694><265.3937><, 
AmbientSounds: OMNI><AM_ENV-WinterTrees.ogg><781.18><613.8372><0.4673913><1, OMNI><AM_ENV-LightWind.ogg><731.6115><523.8942><0.3586957><0.6869565, SPOT><AM_ENV-NatWind.ogg><0.8845215><440.102><0.4021739><0.8434783><232.8845><721.102><340.6447><-194.3553><0><0.1108697, SPOT><AM_ENV-NatWind.ogg><797.3372><121.6162><0.423913><0.8434783><1307.337><656.6162><-232.3553><-185.3553><0><0.1108697, SPOT><Mech Basic.wav><707.5513><354.2267><0.2065217><0.8630434><430.5513><346.2267><-162.3553><-101.3553><0><0.1, 
FadePalette: 11, 0.1521739
