Template: NONE
CeilingDrips: 0.3685346
Clouds: 0.1469315
Grime: 0.2680034
RandomItemDensity: 0.3530685
EffectColorA: 15
EffectColorB: 5
Effects: LightBurn-0.1546647-20-20, RockFlea-0.02319983-33.55728-71.97604, 
PlacedObjects: CustomDecal><354.969><101.4589><-26.32388~211.4614~525.2147~301.8167~559.3645~-81.81772~0~0~0.3557281~1~0~faceandtag~0.6701302~0.2938637~0.6701302~0.2938637~0.6701302~0.2938637~0.6701302~0.2938637, CustomDecal><527.2003><511.534><-229.8011~365.848~722.2885~327.4292~369.4053~-474.5427~-9.960388~-224.8209~0~1~0~rust2~0.5077329~1~0.5077329~1~0.5077329~1~0.5077329~1, CustomDecal><135.6992><436.3248><-48.37917~121.1063~230.6708~145.2958~244.9001~-13.51773~-46.95627~-383.476~0.04639966~1~0~whitebigtag~0.6082654~0.3557291~0.6082654~0.3557291~0.6082654~0.3557291~0.6082654~0.3557291, InsectGroup><783.0358><347.597><-182.1333~25.29688~-9.248901~-21.34375~TinyDragonFly~0.1752046, LightSource><117.8026><423.764><0.08747764~EffectColor2~118.1021~54.46664~50~86.60254~1~0~None~0~0, LightSource><1061.013><365.6183><0.1880095~EffectColor2~-112.4106~60.86978~-201.8563~162.0171~1~0~None~0~0, LightBeam><462.1912><86.04018><-16.36353~748.6125~296.8365~752.1698~475.4125~-1.422913~0~0~0.06747039~0.1778637~0~1~None~0~0, AdjustableFan><847.5659><603.2924><5~8.660254~0~0.4773334~0.1293361~0.6442685, AdjustableFan><849.547><367.3615><5~8.660254~0~0.4927979~0.1680019~0.5746699, CustomDecal><162.0842><112.8156><-143.0031~584.9771~252.0146~634.7792~441.9739~-57.62811~0~0~0~1~0~rust3~0.4458671~0.57226~0.4458671~0.57226~0.4458671~0.57226~0.4458671~0.57226, CustomDecal><378.1865><93.2513><-64.03125~233.5166~439.8397~215.7302~489.6417~-56.91666~0~0~0.3634617~1~0~fat tag~0.3840013~0.2242637~0.3840013~0.2242637~0.3840013~0.2242637~0.3840013~0.2242637, CustomDecal><601.3564><623.4175><-6.403076~148.8531~101.8969~152.4104~99.05103~2.134399~-282.449~-161.501~0.6495925~1~0~ghostling2~0.5669376~0.3866617~0.5669376~0.3866617~0.5669376~0.3866617~0.5669376~0.3866617, CustomDecal><835.1403><371.4649><-119.525~351.6187~221.4218~114.7031~242.0541~-3.557312~-8.537598~-20.63232~0.1159986~1~0~crudebubblyb&w~0.4458671~0.2938631~0.4458671~0.2938631~0.4458671~0.2938631~0.4458671~0.2938631, CustomDecal><460.0948><81.26772><-113.8334~373.674~228.5363~577.151~341.6584~-102.45~-253.2792~7.826065~0.1237315~1~0~rust1~0.3117427~0.8738562~0.7757366~0.8738562~0.265343~0.8738562~1~0.8738562, 
AmbientSounds: OMNI><AM_ENV-LightWind.ogg><776.9398><517.0398><0.4226678><1, OMNI><AM_ENV-Outside.ogg><680.4814><425.8006><0.3453363><1, 
FadePalette: 8, 0.1314651
MorePalette0: 4, 0.07733287
