Template: NONE
Clouds: 0.1847826
Grime: 0.4021739
Palette: 5
EffectColorA: 8
EffectColorB: 2
Effects: Flies-0.1847826-20-20, RockFlea-0.1630435-30-30, 
PlacedObjects: InsectGroup><663.6964><1210.712><-143~127~-49~111~Beetle~0.4021748, CustomDecal><150.4294><1314.412><-14~55~199~114~302~4~-315~-172~0~1~0~whitetag11(bubbly)~0.6521739~0.4347826~0.5~0.4347826~0.5217391~0.4347826~0.5~0.4347826, CustomDecal><602.3153><972.061><-91~474~432~476~350~-138~255~-453~0.3152174~1~0~rustb2~0.5~0.3369565~0.5~0.3369565~0.5~0.6739131~0.5~0.9891304, CustomDecal><304.2778><143.3019><-57~166~385~58~358~-105~-137~-451~0.6521739~1~0~big letters~0.5543478~0.5760869~0.4130435~0.5760869~0.2934783~0.5760869~0.5326087~0.5760869, CustomDecal><495.1887><86.94037><-26~123~244~140~208~7~-255~-394~0.6413044~1~0~whitetag10~0.6304348~0.2826087~0.5~0.2826087~0.5543478~0.2826087~0.5~0.2826087, CustomDecal><317.1215><444.1589><2~227~128~225~103~1~-231~-658~0~1~0~contemplativepig~0.5869565~0.3152174~0.4891304~0.3152174~0.6086956~0.3152174~0.3586957~0.3152174, CustomDecal><315.067><745.9385><-14~428~165~430~143~-15~277~-423~0.3152174~1~0~cactusman~0.4347826~0.5434783~0.4347826~0.5434783~0.3043478~0.5434783~0.2717391~0.5434783, CustomDecal><681.9202><863.395><-27~121~128~103~124~-4~211~-362~0.3152174~1~0~whitetag4~0.5434783~0.2173913~0.5~0.2173913~0.5543478~0.2173913~0.4130435~0.2173913, DangleFruit><718.9117><1242.929><-173~-142~2~3, DangleFruit><754.8726><1208.596><-200~-89~2~3, 
FadePalette: 20, 0.173913, 0.1956522
