Template: NONE
DangerType: Flood
WaveSpeed: 0.4953442
WaveLength: 0.9475888
WaveAmplitude: 0.04035627
SecondWaveLength: 0.1666667
SecondWaveAmplitude: 0.5413271
Palette: 9200
EffectColorA: 18
EffectColorB: 7
Effects: ElectricDeath-0.2629302-133.1219-15.01978, 
PlacedObjects: AirPocket><1038.068><217.3031><866.2405~498.8126~30~30~Y~60.79066, LightFixture><604.661><1134.976><RedLight~125.4621~4.940643~46, LightSource><979.0313><798.5283><0.2885424~EffectColor2~-241.1844~178.2604~-33.2406~80.1994~1~0~None~0~0, LightFixture><107.7312><1136.508><RedLight~-85.12955~35.53336~46, LightFixture><1199.82><1258.168><RedLight~-85.12955~35.53336~46, LightFixture><1679.66><1339.053><RedLight~-50.97943~34.82196~46, LightFixture><2849.106><912.0396><RedLight~-259.4368~61.85739~46, LightFixture><3023.604><438.7021><RedLight~-259.4368~61.85739~46, LightSource><2434.58><1182.481><1~EffectColor1~-175.7302~146.2448~50~86.60254~1~0~None~0.3325301~0, LightSource><2854.086><906.3479><1~EffectColor1~-310.9073~183.9521~50~86.60254~1~0~None~0.3325301~0, LightSource><3084.789><499.176><1~EffectColor1~-310.9073~183.9521~50~86.60254~1~0~None~0.3325301~0, LightSource><3015.065><602.3375><1~EffectColor1~-310.9073~183.9521~50~86.60254~1~0~None~0.3325301~0, LightSource><1831.846><153.3279><1~EffectColor2~-157.9438~219.525~36.4823~120.7525~1~0~None~0~0, LightSource><1215.114><245.7823><0.3890739~EffectColor2~-99.60406~175.4146~-216.7969~243.1233~1~0~None~0~0, BlackSpot><78.68028><1172.722><-27.74689~62.76666~456.9145~94.78229~247.7458~17.78644, BlackSpot><-40.96355><1039.039><-27.74689~62.76666~19.36763~64.18951~238.4968~-37.70731, BlackSpot><-38.82916><1033.347><9.960403~109.0115~52.80617~195.0978~96.20511~19.20935, BlackSpot><278.4813><1187.733><9.960403~109.0115~318.8916~66.32379~372.2509~0, BlackSpot><493.3417><1168.524><76.12604~92.64798~207.1926~30.03943~208.6154~-43.39893, BlackSpot><991.6802><1145.536><36.99583~101.8969~254.8603~242.7655~302.5279~216.2834, BlackSpot><1427.804><1355.417><21.34375~86.24481~290.4332~77.70728~382.9227~32.72711, BlackSpot><1240.691><1011.782><14.22916~92.64795~206.4811~148.8531~372.2508~113.8333, BlackSpot><1657.605><1047.355><8.537415~118.2605~451.2227~78.41876~567.1905~-2.845886, LightSource><2556.886><161.2333><0.5824047~EffectColor2~-364.978~136.2844~-216.7969~243.1233~1~0~None~0~0, LightSource><2310.722><176.174><0.3813404~EffectColor2~-364.978~136.2844~-216.7969~243.1233~1~0~None~0~0, LightSource><2831.509><180.4427><0.5360054~EffectColor2~-364.978~136.2844~-216.7969~243.1233~1~0~None~0~0, GlowWeed><2750.983><261.0804><-86.08643~-148.6948~2~3, GlowWeed><2679.969><302.8135><-86.08643~-148.6948~2~3, GlowWeed><2816.569><358.3073><-86.08643~-148.6948~2~3, GlowWeed><2368.35><245.1854><-86.08643~-148.6948~2~3, GlowWeed><2314.991><325.5802><-86.08643~-148.6948~2~3, GlowWeed><1804.912><207.3635><-86.08643~-148.6948~2~3, BubbleGrass><1610.95><312.5004><0~0~4~9, BubbleGrass><2341.836><1102.71><9.960419~6.403137~4~9, BubbleGrass><2307.686><1136.86><9.960419~6.403137~4~9, 
AmbientSounds: OMNI><msc-heavycreaking.ogg><337.1069><73.43649><0.1159986><1, OMNI><msc-structurestrain.ogg><335.2342><162.1633><0.05654443><1, OMNI><msc-unrelentingbreakage.ogg><144.2159><136.8662><0.1029438><1, SPOT><rwtw_ar_buzzymachine.ogg><715.9304><461.501><0.5><1><3024.438><437.675><-234.5638><-65.94806><0><0.1, SPOT><rwtw_ar_errorbop.ogg><838.455><537.4236><0.2138692><1><2955.58><659.4465><-35.35534><-35.35534><0><0.1, OMNI><so_sfx-drowning.ogg><485.7404><305.9644><0.2266759><1, 
FadePalette: 45, 0.6418591, 0.6495923, 0.7810573, 0.7810573, 0.4098617
RoomSpecificScriptActive: ON
