Template: NONE
Clouds: 0.2608696
Grime: 0
Palette: 14
EffectColorA: 18
EffectColorB: 5
Effects: AboveCloudsView-1-20-20, 
PlacedObjects: LightFixture><629.5503><138.2603><RedLight~17.32051~-10~73, LightFixture><380.1157><605.5869><RedLight~17.32051~-10~22, LightFixture><740.4004><404.6734><RedLight~17.32051~-10~73, OEsphere><294.3761><3708.905><-34~109~-382~-49.39746~9~1, Vine><24.55829><3234.057><381~164, Vine><86.84485><3174.126><688~-224, Vine><58.42578><3057.064><636~130, Vine><504.4088><3327.372><-266~72, Vine><748.7087><3516.946><-339~-102, LightBeam><680.4026><2218.075><20~158~42~160~63~1~111~-164~0.4000005~0~0~1~None~0~0, LightSource><349.7192><2274.803><0.2391304~Environment~140~-135~-143~-290.3975~1~0~None~0~0, LightSource><229.0645><1827.575><0.5~Environment~-209~52~50~86.60254~1~0~None~0~0, CustomDecal><321.5577><2460.81><10~212~1164~218~627~12~-212~245~0.2934783~1~0~eks~0.5~1~0.5~1~0.5~1~0.5~1, CustomDecal><23.18433><2535.579><13~340~212~334~211~-26~47~35~0~0.3804348~0~rustb3~0.6956522~0.75~0.6956522~0.75~0.6956522~0.75~0.6956522~0.75, CustomDecal><308.3195><2438.837><-8~277~481~266~472~-15~-69~62~0~0.326087~0~rustb1~0.5760869~1~0.5760869~1~0.3369565~1~0.326087~1, CustomDecal><878.2034><2679.556><4~93~97~106~93~0~-436~-125~0~0.05434782~0~blackcloud~0.2826087~0.326087~0.2826087~0.326087~0.2826087~0.326087~0.2826087~0.326087, CustomDecal><716.3898><2606.144><-29~325~101~325~102~2~-297~-62~0.6413044~1~0~actual vertical pink~0.3152174~0.3913043~0.3152174~0.3913043~0.3152174~0.3913043~0.3152174~0.3913043, CustomDecal><446.9423><2646.8><9~162~69~158~69~0~-365~14~0~1~0~ghostling3~0.3913043~0.5326087~0.3913043~0.5326087~0.3913043~0.5326087~0.3913043~0.5326087, CustomDecal><337.6513><2649.632><-1~113~62~123~56~-6~-325~29~0.3152174~1~0~ghostling1~0.4565217~0.3369565~0.4565217~0.3369565~0.4565217~0.3369565~0.4565217~0.3369565, CustomDecal><563.1253><2598.907><11~151~78~140~71~-2~-349~-189~0.2717391~1~0~ghostling2~0.4782609~0.3043478~0.4782609~0.3043478~0.4782609~0.3043478~0.4782609~0.3043478, CustomDecal><259.6068><1943.169><3~372~173~373~168~0~-326~-130~0.1413043~0.5760869~0~blackrust1~0.6195652~0.8043478~0.6195652~0.8043478~0.6195652~0.8043478~0.6195652~0.8043478, CustomDecal><271.0561><1079.299><-29~367~625~365~618~-23~-379~-39~0.6521739~1~0~squidsoup~0.423913~0.5326087~0.423913~0.5326087~0.423913~0.5326087~0.423913~0.5326087, LightSource><636.4442><1124.202><0.1521739~Environment~-172~160~50~86.60254~1~1~None~0~0, LightSource><505><1398><0.09782609~Environment~-187~160~-42~-406.3975~1~1~None~0~0, LightSource><623><1309><0.09782609~Environment~-160~119~-160~-219.3975~1~1~None~0~0, 
AmbientSounds: SPOT><AM_ENV-NatWind.ogg><787.7231><583.7903><0.3762678><1><509.3085><3169.346><-614.4824><9.444668><0><0.1927988, SPOT><AM_WAT-Lakeside.ogg><543.6313><600.8916><0.3840013><1><460.1563><3635.158><-368.3178><-345.3998><0><0.1773323, SPOT><AM_IND-Utility02.ogg><785.8915><464.3469><0.3453349><1><520.9946><1982.169><-554.7198><-13.31091><0><0.1, SPOT><AM_ENV-WallHum.ogg><292.087><499.7182><0.4149346><1><451.9307><2159.763><-162.7064><16.55579><0><0.1463991, SPOT><AM_SUB-MysticCave1.ogg><707.4437><190.9311><0.3840013><1><567.7635><829.2199><-549.0283><2.333481><0><0.1850666, SPOT><AM_IND-ElectricHum02.ogg><779.4532><70.4093><0.2602698><1><673.2115><98.38708><-378.9897><106.8669><0><0.177333, 
FadePalette: 53, 0.3478261, 0, 0, 0, 0
MorePalette0: 100, 0, 0, 1, 0, 0
MorePalette1: 21, 0, 0, 0, 0.7934783, 1
MorePalette2: 10, 0, 0, 0, 0, 0.9130435
BackgroundOffset: 0,-1521.739
