Template: NONE
CeilingDrips: 0
Clouds: 0.6108697
Grime: 0.25
Palette: 80
EffectColorA: 10
EffectColorB: 9
Effects: Fog-0.04347826-20-20, Brightness-0.04347826-164-90, Salt Flakes-0.7173913-316-292, 
PlacedObjects: WindRect><33.45><-26.74812><-152~762~1253~747~1250~5~-0.1739131~Creatures, WindRect><429.3033><-9.942764><-206~743~850~733~843~-6~-0.1739131~Creatures, WindRect><745.5185><-18.30086><-208~753~528~742~525~0~-0.1739149~Creatures, WindRect><1009.29><-14.80409><-119~739~269~738~276~-1~-0.2608696~Creatures, WindRect><61.63184><-28.59961><290~756~1341~752~1327~9~-0.1086956~Visuals, WindRect><530.9412><-24.94119><337~749~774~758~775~3~-0.1521739~Visuals, LocalBlizzard><1010.079><340.3534><-816~225~-42~258.6025~0.1413043~0.8478261~0, CustomDecal><622.6878><316.6812><17~289~-710~317~-686~42~-225~-180~0~1~0~greybones~0.2717391~1~0.1086956~1~0.01086957~1~0.2717391~1, CustomDecal><530.5776><385.6014><-14~245~789~234~824~-57~69~-16~0~1~0~greybones~0.3369565~1~0.3369565~1~0.3369565~1~0.3369565~1, CustomDecal><349.362><464.8343><-132~66~178~94~168~6~461~-125~0~1~0~stickeyes~0.3369565~0.1304348~0.173913~0.1304348~0.2391304~0.1304348~0.326087~0.1304348, CustomDecal><-52.30054><-22.48541><-26~513~626~413~540~-36~654~315~0.25~1~0~oki~0.1413043~1~0.3478261~1~0.1956522~1~0.2717391~1, CustomDecal><495.4237><-14.90082><-39~621~-788~626~-797~-3~302~309~0.3043478~1~0~blackrust1~0.6086956~1~0.5434783~1~0.3043478~1~0.4347826~1, CustomDecal><460.6779><248.1865><49~553~-636~570~-682~34~279~47~0~1~0~blackrust1~0.326087~1~0.2282609~1~0.326087~1~0.173913~1, CustomDecal><378.4048><548.3766><-17~72~315~92~297~-2~-270~-313~0.6086956~1~0~flyingeye~0.0326087~0.08695652~0.3586957~0.0326087~0.2173913~0.08695652~0.5~0.0326087, 
AmbientSounds: SPOT><RWTW_AR_WindyCliff.ogg><857.9307><572.4143><0.5869565><1><1292.931><561.4143><-35.35535><-74.35535><0><0.7956523, OMNI><RWTW_AR_WindyCliff.ogg><684.6982><134.2229><0.1413043><0.6869565, SPOT><RWTW_AR_WindyCliff.ogg><440.5043><290.3><0.5><0.4913043><1222.504><489.3><-40.35535><6.644653><0><0.5347828, SPOT><RWTW_AR_WindyCliff.ogg><628.3132><383.1786><0.5><1.45><1225.313><486.1786><-35.35534><-35.35534><0><0.2739132, SPOT><RWTW_AR_WindyCliff.ogg><819.5487><424.194><0.6739131><1.528261><664.5487><30.19395><-207.3553><-42.35534><0><0.154348, SPOT><RWTW_AR_WindyCliff.ogg><794.1968><241.6928><0.6630435><1.430435><107.1968><33.69278><-102.3553><157.6447><0><0.1652175, OMNI><AM_IND-12thFloor.ogg><707.5828><351.8903><0.3043478><0.8630434, OMNI><Noise Wind.wav><702.3561><567.8611><0.1304348><1, SPOT><Noise Wind.wav><340.6267><502.9047><0.2826087><1><1075.627><557.9047><-35.35534><-35.35534><0><0.6217393, 
FadePalette: 82, 0.2717391
