Template: NONE
Clouds: 0.3073963
Grime: 0.5
BkgDroneVolume: 0.2536007
Palette: 14
EffectColorB: 18
AmbientSounds: OMNI><AM_IND-Utility02.ogg><761.4293><458.5557><0.4072013><0.9269194, SPOT><AM_ENV-Outside.ogg><390.0826><513.8491><0.4304007><0.9373612><242.0388><471.1772><-57.7663><-58.8335><0><0.1, SPOT><AM_ENV-LightWind.ogg><724.5768><516.2123><0.5><1><1567.984><637.8873><-51.89679><-68.97174><0><0.1, SPOT><AM_ENV-Outside.ogg><703.8852><477.7279><0.5><1><1806.619><494.8185><-51.89673><-57.76624><0><0.1, 
FadePalette: 8, 0.3015964, 0.3015964
