Template: NONE
WaveSpeed: 0.6739131
WaveLength: 0.6195652
WaveAmplitude: 0.08695652
SecondWaveLength: 0.1666667
SecondWaveAmplitude: 0
Clouds: 0.3913043
BkgDroneVolume: 0.3043478
Palette: 11
EffectColorA: 12
EffectColorB: 5
Effects: GreenSparks-0.09782609-12-55, ZeroGSpecks-1-265-100, SilenceWater-0.4130438-263-1, WaterDepth-0.01086957-596.9999-427, BorderPushBack-1-3-120, Fog-0.4891306-20-20, RockFlea-0.06521739-229-148, WaterGlowworm-0.1304345-251-48, 
PlacedObjects: ReliableSpear><696.3532><238.9213><, ReliableSpear><375.559><462.9411><, AirPocket><6.366394><-24.89883><763~246~30~30~N~-18, AirPocket><1244.822><-21.65912><307~208~30~30~N~-39, LightSource><489.2024><744.8058><0.3586963~Environment~379.9999~-450~-33~-210.3974~1~1~None~0~0, LightSource><909><745><0.3478261~Environment~379.9999~-450~-33~-210.3974~1~1~None~0~0, ColouredLightSource><2253.352><518.8657><-514~-143~001CFF~9^-89~0.5760869~True~1~0~0.5~Always~0~100, ExitSymbolHidden><135.2324><406.3008><, ExitSymbolHidden><153.6001><408.6176><, ExitSymbolHidden><104.3653><411.3365><, SteamPipe><142.6693><296.3935><0~76, SteamPipe><109.1935><298.6995><-2~50, CustomDecal><429.8504><159.8828><-49.00003~176~164~190~74~-24~285.9999~-2.000015~0~0.2173913~0~rust1~0.5217385~0.9999993~0.5217385~0.9999993~0.5217385~0.9999993~0.5217385~0.9999993, CustomDecal><130><153><-2.000031~113~337~122~282~-28~489~85~0~0.2173913~0~rust1~0.3043478~0.9999993~0.3043478~0.9999993~0.3043478~0.9999993~0.3043478~0.9999993, CustomDecal><139><318><38.99997~200~384~170~209~-115~489~85~0~0.2173913~0~rust1~0.4021739~0.9999993~0.4021739~0.9999993~0.4021739~0.9999993~0.4021739~0.9999993, CustomDecal><1267><274><-59.00003~194~170~200~74~-24~285.9999~-2.000015~0~0.2173913~0~rust1~0.5978254~0.9999993~0.5978254~0.9999993~0.5978254~0.9999993~0.5978254~0.9999993, CustomDecal><1839><480><58.99994~174~337~162~267~-44~-547~-85~0~0.2173913~0~rust1~0.4130438~0.9999993~0.4130438~0.9999993~0.4130438~0.9999993~0.4130438~0.9999993, CustomDecal><1583.493><451.8001><-67~278~254.9999~277~120~-106~-276~-351~0~0.7065217~0~rust2~0.4347826~1~0.4347826~1~0.4347826~1~0.4347826~1, CustomDecal><1285.64><171.1672><-81~573~330~573~268~-173~285~142~0.2065217~0.5869565~0~rust3~0.2608696~1~0.2608696~1~0.2608696~1~0.2608696~1, ReliableSpear><2020.613><264.5853><, NoSpearStickZone><2119.375><449.9063><1~127, AirPocket><2123.579><-21.60454><257~224~-682~192~N~-41, CustomDecal><1276.673><293.6491><-97.00003~214~175~221~106~-7~210~-145~0~0.1413043~0~runningwhite~0.2826087~1~0.2826087~1~0.2826087~1~0.2826087~1, CustomDecal><1618.395><443.3629><-68~221~159~249~106~2~-386~-341~0~0.7173916~0~runningwhite~0.1304345~1~0.1304345~1~0.1304345~1~0.1304345~1, 
AmbientSounds: OMNI><SO_WAT-LilDrips.ogg><726.6946><506.546><0.1956522><1, OMNI><SO_WAT-Splashes.ogg><716.7529><403.95><0.1956508><1, OMNI><AM_ENV-LightWind.ogg><771.1455><309.5795><0.4204348><1, OMNI><AM_WAT-Sea01.ogg><355.1245><518.5935><0.423913><1, OMNI><MSC-StructureStrain.ogg><625.3441><563.3235><0.1695652><0.1, OMNI><MSC-UnrelentingBreakage.ogg><624.9498><647.2405><0.0843478><0.3152174, OMNI><MSC-HeavyCreaking.ogg><438.8279><645.0658><0.0747823><0.4913039, OMNI><MSC-WetConduits.ogg><710.5582><160.6935><0><1, 
FadePalette: 35, 0.7717393, 0.7717393
