Template: NONE
CeilingDrips: 0.3917349
Clouds: 0.2010641
Grime: 0.3994678
RandomItemDensity: 0.5386671
RandomItemSpearChance: 0.2618657
Palette: 0
EffectColorA: 9
EffectColorB: 5
Effects: LightBurn-0.1159986-49.88123-53.43854, RockFlea-0.03093305-20-20, 
PlacedObjects: InsectGroup><1355.042><282.3012><232.6469~-15.96773~0~0~TinyDragonFly~0.1288047, LightSource><1944.637><146.1534><0.3968055~White~-32.01569~43.08334~50~86.60254~1~0~None~0~0, LightSource><1906.138><173.2976><0.4122752~White~3.557312~59.4469~50~86.60254~1~0~None~0~0, LightSource><1596.283><178.2683><0.3040082~White~22.05524~72.96457~50~86.60254~1~0~None~0~0, CustomDecal><1307.507><232.101><-447.5073~431.3021~799.126~630.5105~851.0626~-133.7542~0~0~0.007733552~1~0~rust3~0.3221356~0.4098617~0.3221356~0.4098617~0.3221356~0.4098617~0.3221356~0.4098617, CustomDecal><1544.606><77.31932><-114.5448~238.4969~241.3428~215.0188~291.8562~-7.114586~0~0~0~1~0~cartooncat~0.3453349~0.7680027~0.337602~0.7680027~0.3840013~0.7680027~0.6701315~0.7680027, CustomDecal><1424.627><77.76768><-285.2948~219.2875~335.9667~245.6115~370.1166~-22.76667~-332.9625~-25.6125~0.3479956~1~0~unq - orangeteeth~0.1210719~0.1701308~0.4768004~0.1701308~0.2138692~0.1701308~0.6159983~0.1701308, CustomDecal><1704.151><169.3003><-46.95636~442.6854~286.8759~434.1479~339.5239~-13.51773~0~0~0.06959865~1~0~whitejunk2~0.4536~0.3557301~0.4536~0.3557301~0.4536~0.3557301~0.4536~0.3557301, InsectGroup><560.0067><284.412><172.8843~-18.81351~0~0~TinyDragonFly~0.1056054, CustomDecal><448.7058><54.44583><-25.61243~224.2678~625.53~249.1687~604.8979~-21.34377~0~0~0.3557295~1~0~pointyarrows~0.4845342~0.2861302~0.631467~0.1623986~0.7938637~0.5026597~0.5386671~0.4021288, LightSource><238.6754><185.8102><0.3504081~White~24.90103~55.17807~50~86.60254~1~0~None~0~0, LightSource><275.6877><136.6129><0.3426733~White~21.34375~52.33234~50~86.60254~1~0~None~0~0, LightSource><850.3268><129.0035><0.4045397~White~33.43848~72.25313~50~86.60254~1~0~None~0~0, LightSource><792.1793><135.8095><0.4122739~White~6.403076~43.08334~50~86.60254~1~0~None~0~0, LightSource><822.9592><188.459><0.4045397~White~-25.61255~38.10312~50~86.60254~1~0~None~0~0, LightBeam><461.6385><42.16368><-70.43436~762.8417~1351.929~764.9761~1389.636~9.248955~0~0~0.0752046~0.06959865~0~1~None~0~0, CustomDecal><701.6349><49.524><-133.7541~281.8958~1053.828~317.4688~1125.685~-32.72709~0~0~0.03866577~1~0~unq - big fishes~0.1984027~0.572259~0.1984027~0.572259~0.1984027~0.572259~0.1984027~0.572259, CustomDecal><210.5679><99.18153><-345.7687~700.9448~738.6521~737.9407~812.6437~-111.699~0~0~0.01546645~1~1~rust2~0.5773321~0.958922~0.5773321~0.958922~0.5773321~0.958922~0.5773321~0.958922, AdjustableFan><337.3812><319.2628><5~8.660254~0~0.4850663~0.1293375~0.6442712, AdjustableFan><332.5659><528.8574><5~8.660254~0~0.5005321~0.1293361~0.6210719, AdjustableFan><1807.221><363.1839><5~8.660254~0~0.4927992~0.1216046~0.5824054, CustomDecal><933.1865><135.7151><-307.35~234.9396~626.2415~310.3541~671.775~-134.4656~0~0~0.03866627~1~0~rust1~0.3453356~0.4330617~0.3453356~0.4330617~0.3453356~0.4330617~0.3453356~0.4330617, CustomDecal><211.804><91.51229><-193.5166~323.1604~579.2854~190.8292~455.4917~-130.9083~0~1.525879E-05~0~1~0~rust1~0.3066698~0.6495925~0.3066698~0.6495925~0.3066698~0.6495925~0.3066698~0.6495925, CustomDecal><195.1089><129.0196><-73.28024~224.2677~235.6511~323.8719~224.2677~-51.22501~0~0~0.04639966~1~0~chaoticb&w2~0.3298688~0.3247959~0.3298688~0.3247959~0.3298688~0.3247959~0.3298688~0.3247959, CustomDecal><200.7844><485.6105><-46.24478~105.4542~160.2365~131.7782~239.9198~-49.09064~305.9272~-118.8135~0.07733287~1~0~whitetag10~0.5773315~0.2861302~0.2293356~0.2861302~0.3994671~0.2861302~0.7242637~0.2861302, 
AmbientSounds: OMNI><AM_ENV-Outside.ogg><748.6024><476.4919><0.3840007><1, OMNI><AM_ENV-LightWind.ogg><750.5682><516.7554><0.3685343><1, 
FadePalette: 8, 0.115999, 0.1159986
MorePalette0: 4, 0.1237315, 0.1237322
