Template: NONE
Clouds: 0.2282609
Grime: 0.2826087
Palette: 6
EffectColorA: 10
EffectColorB: 2
Effects: Fog-0.2065217-20-20, Flies-0.1521739-85-113, 
AmbientSounds: OMNI><AM_ENV-NatWind.ogg><719.9455><495.2079><0.3586957><1, OMNI><AM_ENV-LightWind.ogg><725.1818><393.8335><0.3804348><1, SPOT><SO_IND-HVAC.ogg><499.134><260.9129><0.25><0.9608696><1442.134><632.913><-114.3553><-69.35535><0><0.1978262, SPOT><AM_ENV-NatWind.ogg><539.7501><567.05><0.2608696><1><538.7501><655.05><-217.3553><-79.35535><0><0.2086958, SPOT><SO_IND-WeirdVent.ogg><720.693><295.6976><0.2391304><1><277.7044><591.6976><-27.35535><-49.35535><0><0.2195653, 
FadePalette: 15, 0.3804348, 0.3586957, 0.3369565
