Template: NONE
DangerType: Sandstorm
CeilingDrips: 0
RainIntensity: 0.75
RumbleIntensity: 0.1086956
WaveSpeed: 0.5
WaveLength: 0.75
WaveAmplitude: 0.04990017
SecondWaveLength: 0.1666667
SecondWaveAmplitude: 0
Clouds: 0.1304348
Grime: 0.06521739
Palette: 69
EffectColorA: 7
EffectColorB: 21
TerrainLight: 0.3478261
TerrainStainAmount: 1
TerrainStainBrightness: 0.6304348
TerrainStainHeight: 0.4347826
TerrainWaves: 0.3695652
TerrainEdgeRadius: 200
TerrainGooHeight: 0.07608695
TerrainGrain: 1
TerrainDepth: 0.2173844
TerrainSkyFade: 1
TerrainPalette: outerrim
Effects: SurfaceSandstorm-0.08695652-20-20, FlowerWind-0.3590675,0.784764,0.2099838-33.81165-79.48228, Outer Rim View-1-314.4055-32.13438, 
PlacedObjects: FloatingDebris><653.7084><518.1061><-378.8329~-265.5297~1835905931~10~30~0.7570823~2.054348~31~-75|25~222|-125~2.02|2.22~0|0~0|0~Stardust~0~-0.3999999v0v0v0|-0.02v0.07v0v0~0, LightSource><624.4694><324.5345><0.04639933~Environment~153.6749~-272.4486~-562.032~-93.7522~1~1~None~0~0, LightSource><448.4203><458.8086><0.09279898~Environment~149.4061~-270.3142~-562.032~-93.7522~1~0~None~0~0, LightSource><321.9586><417.7219><0.04639949~Environment~81.63971~-160.9275~-562.032~-93.7522~1~0~None~0~0, LightSource><834.7422><503.6305><0.04639949~Environment~144.0702~-306.065~-562.032~-93.7522~1~1~None~0~0, GooDrips><450.6771><547.5511><232.1133~15.69214~0~0~0.5174016, TerrainHandle><261.0717><168.9841><-67.21332~31.48204~56.54135~-34.68361~43.4781, TerrainHandle><193.3625><197.3476><0~-1.067154~112.0352~-31.48206~2.925003, TerrainHandle><543.4><39.93749><-66.16562~-20.27652~127.5095~-13.87346~29.07111, TerrainHandle><911.5797><197.3477><-66.16562~-20.27652~127.5095~-13.87346~29.07111, CustomDecal><272.4937><173.3262><-54.42654~392.1719~329.2078~408.1797~324.4055~2.667984~-304.1484~49.0907~0~1~0~rust3~0.1810037~1~0.1810037~1~0.1810037~1~0.1810037~1, CustomDecal><190.6945><393.1765><-54.42654~392.1719~329.2078~408.1797~324.4055~2.667984~-304.1484~49.0907~0~1~0~rust3~0.2796024~1~0.2796024~1~0.2796024~1~0.2796024~1, CustomDecal><524.1906><283.2563><-54.42654~392.1719~329.2078~408.1797~324.4055~2.667984~-304.1484~49.0907~0~1~0~rust3~0.2796024~1~0.2796024~1~0.2796024~1~0.2796024~1, CustomDecal><546.0679><424.125><-54.42654~392.1719~329.2078~408.1797~324.4055~2.667984~-304.1484~49.0907~0~1~0~rust3~0.2796024~1~0.2796024~1~0.2796024~1~0.2796024~1, CustomDecal><580.218><-30.49687><-54.42654~392.1719~329.2078~408.1797~324.4055~2.667984~-304.1484~49.0907~0~1~0~rust3~0.2796024~1~0.2796024~1~0.2796024~1~0.2796024~1, CustomDecal><83.97577><52.21018><-54.42654~392.1719~329.2078~408.1797~324.4055~2.667984~-304.1484~49.0907~0~1~0~rust3~0.2796024~1~0.2796024~1~0.2796024~1~0.2796024~1, CustomDecal><472.432><28.19844><-54.42654~392.1719~329.2078~408.1797~324.4055~2.667984~-304.1484~49.0907~0~1~0~rust3~0.2796024~1~0.2796024~1~0.2796024~1~0.2796024~1, 
AmbientSounds: OMNI><RWTW_DustStorm_Gusting.ogg><713.6067><519.4855><0.1521739><0.3347826, OMNI><RWTW_RotAmb_VanillaRot.ogg><710.9391><443.8099><0.1521739><1, 
FadePalette: 22, 0.2173913
WetTerrain: OFF
BackgroundOffset: 0,-6000
