Template: NONE
Clouds: 0.4485281
RandomItemDensity: 0
RandomItemSpearChance: 0
Palette: 443
EffectColorA: 18
EffectColorB: 6
Effects: FairyParticles-0.07733254-136.6791-86.16563, Sentient Rot Spores-0.5026608-20-20, 
PlacedObjects: BrainMold><622.6468><338.9208><-38.41882~56.60101, InsectGroup><387.7563><455.4839><559.2063~252.9636~-241.8958~62.60834~TinyDragonFly~0.5, FairyParticleSettings><436.9453><75.85334><226.975~283.9946~0~1~1~0~1~2.352418~60~180~40~100~5~30~0~360~0.5047163~0.1084913~1~1~0.5076646~0.7553074~0.5~0.75~4~Circle~SIN_IO~SIN_IO~80~0.5~0, AetherRainbow><430.6156><287.3953><276.4417~-314.0688~430.6156~287.3953~-704.7396~-28.45834~983.6312~-80.39481~-6.103516E-05~-32.33124~1~1~0.5~0~0.3426739~1~0~True~-0.1494063~-0.7114599~0.241897~0.04980209~0.5478222~0.2134375~0~True, AetherRainbow><754.5035><276.287><100~-119.1292~754.5035~276.287~-950.1927~-62.60837~696.202~-414.7802~131.62~45.92911~1~1~0.5~0~0.2730753~0~0~True~0.4268748~0.384187~0~0~0.2134375~0~0~True, CustomDecal><189.788><117.0023><-34.14999~574.3052~575.728~559.3646~884.5011~-115.9677~-330.8282~210.5917~0~1~0.6727918~xrootscreen~0.5437388~0.3093297~0.5437388~0~0.5437388~0~0.5437388~0, CustomDecal><647.4523><126.8162><161.5011~434.8594~547.2698~336.6781~556.5188~-150.1177~-699.3636~-192.8052~0~1~0~xrootscreen~0.5~0~0.5~0~0.5~0~0.5~0, BrainMold><795.4984><199.9924><3.557251~57.31247, BrainMold><484.9011><291.8152><-4.980225~66.56149, 
AmbientSounds: OMNI><AM_ENV-LushNight.ogg><117.8914><477.1227><0.4304008><1, SPOT><AM_IND-DeepHum.ogg><774.4217><313.582><0.5><1><173.0842><347.1154><44.328><-30.37515><0><0.1927994, 
FadePalette: 8, 0.3093297
