Template: NONE
WaveSpeed: 0.5180027
WaveLength: 0.9929942
SecondWaveLength: 0.1666667
Clouds: 1
Grime: 0.1694037
Palette: 34
Effects: Fog-0.7539912-20-20, 
PlacedObjects: LillyPuck><248.8564><349.2632><0~0~2~3, LillyPuck><319.3209><354.0586><0~0~2~3, LillyPuck><401.6299><353.9134><0~0~2~3, LillyPuck><490.2004><354.3349><0~0~2~3, LillyPuck><5365.97><340.6901><0~0~2~3, LillyPuck><5030.917><336.6732><0~0~2~3, LillyPuck><10043.43><346.6162><0~0~2~3, LillyPuck><14088.09><340.5923><0~0~2~3, CustomDecal><-16.57016><109.0596><-12.27267~589.6016~949.7774~579.4633~958.8483~-14.40703~-185.157~122.7266~0~1~0~blackrust1~0.3098083~1~0.3098083~1~0.3098083~1~0.3098083~1, CustomDecal><834.3328><119.9766><-12.27267~589.6016~949.7774~579.4633~958.8483~-14.40703~-185.157~122.7266~0~1~0~blackrust1~0.3098083~1~0.3098083~1~0.3098083~1~0.3098083~1, CustomDecal><1652.866><127.9805><-12.27267~589.6016~949.7774~579.4633~958.8483~-14.40703~-185.157~122.7266~0~1~0~blackrust1~0.3098083~1~0.3098083~1~0.3098083~1~0.3098083~1, CustomDecal><2452.645><172.8023><-12.27267~589.6016~949.7774~579.4633~958.8483~-14.40703~-185.157~122.7266~0~1~0~blackrust1~0.3098083~1~0.3098083~1~0.3098083~1~0.3098083~1, CustomDecal><3304.552><152.5258><-12.27267~589.6016~949.7774~579.4633~958.8483~-14.40703~-185.157~122.7266~0~1~0~blackrust1~0.3098083~1~0.3098083~1~0.3098083~1~0.3098083~1, CustomDecal><4082.078><113.5734><-12.27267~589.6016~949.7774~579.4633~958.8483~-14.40703~-185.157~122.7266~0~1~0~blackrust1~0.3098083~1~0.3098083~1~0.3098083~1~0.3098083~1, CustomDecal><5004.379><106.1031><-12.27267~589.6016~949.7774~579.4633~958.8483~-14.40703~-185.157~122.7266~0~1~0~blackrust1~0.3098083~1~0.3098083~1~0.3098083~1~0.3098083~1, CustomDecal><5934.217><102.368><-12.27267~589.6016~949.7774~579.4633~958.8483~-14.40703~-185.157~122.7266~0~1~0~blackrust1~0.3098083~1~0.3098083~1~0.3098083~1~0.3098083~1, CustomDecal><6734.325><61.81484><-12.27267~589.6016~949.7774~579.4633~958.8483~-14.40703~-185.157~122.7266~0~1~0~blackrust1~0.3098083~1~0.3098083~1~0.3098083~1~0.3098083~1, CustomDecal><7625.211><50.60937><-12.27267~589.6016~949.7774~579.4633~958.8483~-14.40703~-185.157~122.7266~0~1~0~blackrust1~0.3098083~1~0.3098083~1~0.3098083~1~0.3098083~1, CustomDecal><8399.989><83.6922><-12.27267~589.6016~949.7774~579.4633~958.8483~-14.40703~-185.157~122.7266~0~1~0~blackrust1~0.3098083~1~0.3098083~1~0.3098083~1~0.3098083~1, CustomDecal><9074.505><113.5734><-12.27267~589.6016~949.7774~579.4633~958.8483~-14.40703~-185.157~122.7266~0~1~0~blackrust1~0.3098083~1~0.3098083~1~0.3098083~1~0.3098083~1, CustomDecal><10004.68><122.0437><-12.27267~589.6016~949.7774~579.4633~958.8483~-14.40703~-185.157~122.7266~0~1~0~blackrust1~0.3098083~1~0.3098083~1~0.3098083~1~0.3098083~1, CustomDecal><10934.79><106.6367><-12.27267~589.6016~949.7774~579.4633~958.8483~-14.40703~-185.157~122.7266~0~1~0~blackrust1~0.3098083~1~0.3098083~1~0.3098083~1~0.3098083~1, CustomDecal><11615.97><233.0984><-20.27658~755.5493~1304.617~751.2805~1317.423~-15.47422~-185.157~122.7266~0~1~0~blackrust1~0.3098083~1~0.3098083~1~0.3098083~1~0.3098083~1, CustomDecal><11641.58><-33.69842><2.134357~422.0532~1320.625~417.7844~1317.423~-15.47422~-185.157~122.7266~0~1~0~blackrust1~0.3098083~1~0.3098083~1~0.3098083~1~0.3098083~1, CustomDecal><12933.66><84.22577><-12.27267~589.6016~949.7774~579.4633~958.8483~-14.40703~-185.157~122.7266~0~1~0~blackrust1~0.3098083~1~0.3098083~1~0.3098083~1~0.3098083~1, CustomDecal><13831.76><79.42345><-12.27267~589.6016~949.7774~579.4633~958.8483~-14.40703~-185.157~122.7266~0~1~0~blackrust1~0.3098083~1~0.3098083~1~0.3098083~1~0.3098083~1, 
FadePalette: 17, 0.5741922, 0.5683939, 0.5741935, 0.5857929, 0.5683939, 0.5799932, 0.5799932, 0.5741935, 0.5741922, 0.5741935, 0.5741935, 0.5915926, 0.5799932, 0.5973935, 0.5857929
