Template: NONE
DangerType: Flood
Clouds: 0.185598
Grime: 0.2757359
Palette: 5
EffectColorA: 2
EffectColorB: 1
PlacedObjects: CustomDecal><490.3699><234.3536><-9.248901~442.4889~116.126~465.2445~143.1614~-79.64444~425.4521~-97.42221~0~1~0~rustb2~0.3994671~1~0.3994671~1~0.3994671~1~0.3994671~1, CustomDecal><580.2542><200.7111><-9.248901~442.4889~116.126~465.2445~136.0468~41.95555~425.4521~-97.42221~0~1~0~rustb2~0.3994671~1~0.3994671~1~0.3994671~1~0.3994671~1, CustomDecal><102.8656><242.6667><-7.114517~81.95554~473.9895~111.8224~475.4124~0~601.8937~-42.66666~0~1~0~jellyfish~0.2448029~1~0.2448029~1~0.2448029~1~0.2448029~1, CustomDecal><566.9479><52.08888><-9.248901~442.4889~1070.192~358.5779~1036.753~-84.62222~425.4521~-97.42221~0~1~0~runningwhite~0.1288037~1~0.1288037~1~0.1288037~1~0.1288037~1, CustomDecal><1479.749><232.7111><-9.248901~442.4889~372.9625~330.8445~338.8124~-3.555557~-259.6821~-150.7555~0.5877261~1~0~greenwhite(var)~0.4767998~1~0.4767998~1~0.4767998~1~0.4767998~1, CustomDecal><1597.14><123.9111><-9.248901~442.4889~372.9625~330.8445~219.2874~22.75555~-259.6821~-150.7555~0.5877261~1~0~faceandtag~0.4767998~1~0.4767998~1~0.4767998~1~0.4767998~1, CustomDecal><1561.567><136.7111><-30.59265~198.5778~223.5562~179.3779~176.5999~14.22222~-259.6821~-150.7555~0.5877261~1~0~tall b&w~0.3917342~1~0.3917342~1~0.3917342~1~0.3917342~1, CustomDecal><1797.059><111.8222><-5.691589~564.8~203.6353~596.089~143.1614~-66.13334~-259.6821~-150.7555~0~1~0~chaoticb&w~0.2757356~1~0.2757356~1~0.2757356~1~0.2757356~1, CustomDecal><1072.083><207.8222><-53.35925~155.2~471.8551~124.6223~488.9301~58.31113~338.6544~36.97784~0~1~0~purpleandwhitebubbly~0.2757356~1~0.2757356~1~0.2757356~1~0.2757356~1, CustomDecal><98.80833><3.733337><-53.35925~155.2~564.3447~144.5334~639.7593~49.06668~486.6377~150.7556~0~1~0~verticalmess~0.3658746~1~0.3658746~1~0.3658746~1~0.3658746~1, CustomDecal><726.8146><7.288891><-53.35925~155.2~564.3447~144.5334~639.7593~49.06668~486.6377~150.7556~0~1~0~brainghosts~0.3658746~1~0.3658746~1~0.3658746~1~0.3658746~1, CustomDecal><155.0135><50.66667><-144.4259~296~836.1219~291.7334~996.9114~0.7111282~884.3429~143.6445~0~1~0~pinkbubbly~0.1802753~1~0.1802753~1~0.1802753~1~0.1802753~1, CustomDecal><1919.43><162.3111><-9.248901~442.4889~116.126~465.2445~143.1614~-79.64444~-396.2823~-125.1555~0~1~0~rustb2~0.5154658~1~0.5154658~1~0.5154658~1~0.5154658~1, CustomDecal><1355.955><336.5333><69.72305~364.9778~411.3812~392.7111~260.5519~-6.399994~221.9753~-338.4888~0~0.5437383~0~bluebrown~0.159737~1~0.159737~1~0.159737~1~0.159737~1, CustomDecal><1400.777><335.8222><69.72305~364.9778~537.3093~359.2888~664.6603~189.1556~221.9753~-338.4888~0~0.5437383~0~pointyarrows~0.1288041~1~0.1288041~1~0.1288041~1~0.1288041~1, DangleFruit><1515.227><459.1472><0~0~2~3, DangleFruit><1562.915><454.3244><0~0~2~3, DangleFruit><1540.27><426.2954><0~0~2~3, 
AmbientSounds: OMNI><AM_IND-Factory02.ogg><752.3897><207.8045><0.2138698><1, OMNI><AM_IND-Warehouse02.ogg><752.6849><295.7652><0.2757363><1, 
FadePalette: 20, 0.2165308, 0.2010642
