Template: NONE
Clouds: 0.3043478
Grime: 0.2934783
Palette: 61
EffectColorA: 0
EffectColorB: 2
PlacedObjects: InsectGroup><710.1304><246.0583><239.2086~238.2667~0~0~StandardFly~0.1694037, CustomDecal><388.4106><278.0711><24~178~255~208~240~-103~352~47~0.6304348~0.7173913~0~firewisp~0.5~1~0~0.5~0.1413043~0.5~0.7173913~0.5, CustomDecal><471><460><-22~336~642~360~547~5~-439~-272~0~0.5869565~0~rust1~0.4565217~0.2717391~0.4565217~0.2717391~0.4565217~0.2717391~0.4565217~0.2717391, CustomDecal><223><319><-22~336~642~360~547~5~-439~-272~0~0.5869565~0~rust1~0.4565217~0.2717391~0.4565217~0.2717391~0.4565217~0.2717391~0.4565217~0.2717391, 
AmbientSounds: OMNI><am_env-outside.ogg><-4.970016><660.3328><0.1346044><1, SPOT><mech basic.wav><98.45779><31.7164><0.1230044><1><490.7719><513.6616><-201.303><-60.95529><0><0.1, OMNI><am_env-lightwind.ogg><164.7748><653.6724><0.1694037><0.6032837, SPOT><am_ind-12thfloor.ogg><683.0057><224.6782><0.250603><1><819.7285><329.0782><-344.3062><-54.55534><0><0.1, 
FadePalette: 4, 0.08695652
