Template: NONE
Clouds: 0.2282609
Grime: 0.6413044
Palette: 5
EffectColorA: 10
Effects: SkyBloom-0.3695652-776-364, Flies-0.1086956-751-473, RockFlea-0.1086956-988-426, 
PlacedObjects: CustomDecal><593.5852><312.3191><-10~350~158~372~114~-7~-394~-126~0~1~0~rustb1~0.6413044~1~0.6413044~1~0.6413044~1~0.6413044~1, InsectGroup><798.6021><335.8845><11~85~0~0~TinyDragonFly~0.1630435, CustomDecal><1059.941><-36.30876><-21~430~136~410~154~0~-285~53.99998~0~1~0~vertical pink~0.5869565~0.2826087~0.5869565~0.2826087~0.5869565~0.2826087~0.5869565~0.2826087, CustomDecal><1044.932><128.0617><-92~316~103~336~91~75~-366~130~0~1~0~boxheads~0.6956522~0.6195652~0.6956522~0.6195652~0.6956522~0.6195652~0.6956522~0.6195652, 
FadePalette: 15, 0.2173913
