Template: NONE
DangerType: FloodAndRain
WaveSpeed: 0.5
WaveLength: 0.75
WaveAmplitude: 0.02342795
SecondWaveLength: 0.1666667
SecondWaveAmplitude: 0
Clouds: 0.2717391
Grime: 0.3152174
Palette: 5
EffectColorA: 10
EffectColorB: 2
Effects: Flies-0.1086956-20-20, ModifyEffectColorB-0,0.3586957,0.4021739-92-82, 
PlacedObjects: InsectGroup><557.9473><317.0325><-219~186~0~0~Moth~0.3586957, CustomDecal><702.7599><360.0502><-19~253~156~249~129~-16~-315~-164~0.6195652~1~0~tiremouth~0.2608696~0.1956522~0.3586957~0.1956522~0.3152174~0.1956522~0.2065217~0.1956522, CustomDecal><436><228><-2~596~281~568~289~-70~-315~-164~0.2826087~1~0~rust2~0.3586957~0.8586956~0.3586957~0.8586956~0.3804348~0.8586956~0.4021739~0.8586956, CustomDecal><684><42.00002><1~338~322~375~299~-73~-453~125~0~1~0~rust2~0.3586957~0.7934783~0.3586957~0.7934783~0.3586957~0.7934783~0.3586957~0.7934783, CustomDecal><200><466><-31~200~460~278~501~-40~11~-375~0.6086956~1~0~whitetag7~0.3586957~0.7934783~0.3586957~0.7934783~0.3586957~0.7934783~0.3586957~0.7934783, CustomDecal><311><49.00002><-32~112~183~122~209~5~-389~-51~0.2826087~1~0~wakebear~0.4021739~0.2826087~0.4021739~0.2826087~0.326087~0.2826087~0.326087~0.2826087, 
AmbientSounds: OMNI><AM_IND-Utility02.ogg><739.051><460.7704><0.25><0.8434783, OMNI><AM_IND-Warehouse01.ogg><711.6348><556.9135><0.4021739><0.8043478, SPOT><Basic Mech.ogg><656.3624><193.1654><0.1956522><0.7652174><589.3624><488.1654><-165.3553><-152.3553><0><0.1108697, 
FadePalette: 20, 0.3695652
