Template: NONE
Clouds: 0.463769
Grime: 0.3763285
Palette: 21
EffectColorA: 1
EffectColorB: 6
Effects: LightBurn-0.3507246-20-20, 
PlacedObjects: LightSource><1041.67><309.8363><0.3661831~Environment~177.7777~76.53326~50~86.60254~1~1~None~0~0, LightSource><1018.467><740.4445><0.2502408~Environment~248.1778~-217.8667~-101.4667~-282.4642~1~1~None~0~0, LightBeam><945.2944><205.7099><-86.04443~534.2224~126.7555~537.7779~254.0444~-68.9778~275.9111~149.3333~0.1062801~0.4714979~0.5024155~1~None~0~0, CustomDecal><880.4047><243.752><-160~575.4666~466.6667~461.6889~549.8667~-123.7333~0~0~0~1~0.3632852~rust3~0.05700501~0.8038652~0.3584542~0.5642514~0.2270531~0.2550729~0.4280193~0.5642514, CustomDecal><44><168><76.08888~494.3999~615.2889~480.8889~549.8667~-123.7333~0~0~0~1~0.7574881~rust3~0.5207732~0.8734297~0.2115946~0.1623187~0.2270531~0.06956515~0.5671499~0.1623187, DangleFruit><1330.184><521.8295><0~0~2~3, DangleFruit><1253.807><486.2215><0~0~2~3, DangleFruit><426.0026><486.7557><0~0~2~3, DangleFruit><350.0277><465.2391><0~0~2~3, FirecrackerPlant><260.3328><215.1026><0~0~2~3, FirecrackerPlant><1378.127><229.7276><0~0~2~3, CustomDecal><1326.687><161.0692><-87.46664~119.6444~392.7111~219.9111~379.9111~-6.400009~-434.4889~4.266663~0.3169084~0.8222222~0.4173909~pink tag~0.4946863~0.3942029~0.4019327~0.9198064~3.317128E-07~0.3942029~0.3014497~1, CustomDecal><402.6127><249.7561><-14.9333~72.71112~357.8667~143.1111~284.6222~-3.555542~-360.5333~-71.82217~0.2859905~1~1~whitetag11(bubbly)~0.5850233~0.4328504~0.3454102~0~0.1908211~1~0.4149754~0.9429951, 
AmbientSounds: OMNI><am_env-subterr.ogg><723.9245><432.1417><0.4922691><1, OMNI><am_env-outside.ogg><733.5522><462.2928><0.3299527><1, 
FadePalette: 10, 0.2241548, 0.2270531
