Template: NONE
Palette: 3
EffectColorB: 13
FadePalette: 15, 0.8478261, 0.8478261
