Template: NONE
Clouds: 0.5543478
WaterReflectionAlpha: 1
Palette: 14
EffectColorA: 5
EffectColorB: 18
TerrainPalette: NO PALETTE
Effects: SkyBloom-0.3043478-20-20, Ant-0.5-213-153, 
PlacedObjects: NoSpearStickZone><2104.567><511.92><-97~78, DangleFruit><736.5912><373.8716><-118~-133~2~5, DangleFruit><595.1351><383.9137><-139~-191~2~3, CustomDecal><556.4164><480.3609><5~119~231~145~230~0~123~-90~0~0.3369565~0~greenpink~0.1195652~0.5108696~0.7065217~0.5108696~0.4891304~0.5108696~0.7065217~0.5108696, LightBeam><-80.57544><296.5977><-40~489~898~547~1141~366~33~-134~0.05217378~0.423913~0.7065217~1~None~0~0, CustomDecal><611.9515><473.056><-124~197~406~215~355~-19~-520~-310~0.3152174~1~0~greysnakes~0.1956522~0.1413043~0.3586957~0.1956522~0.3586957~0.1847826~0.3586957~0.1956522, InsectGroup><707.8721><595.9038><-205~5~178~-16~RockFlea~0.2934783, InsectGroup><601.9187><314.8926><-88~140~-361~187~Ant~0.5, InsectGroup><1528.823><317.3433><-103~70~-4~72~GrassHopper~0.5, InsectGroup><1908.373><312.0925><82~124~0~0~RockFlea~0.5, CustomDecal><1317.05><288.4935><-70~158~342~153~310~5~-361~-11~0.3152174~0.423913~0~orangepink~0.6956522~0.3043478~0.7608696~0.3043478~0.6847826~0.3043478~0.9782609~0.3043478, CustomDecal><702.1727><490.9344><-74~122~236~149~250~3~-492~-353~0.1847826~1~0~jellyfish~0.3913043~0.1847826~0.3913043~0.1847826~0.3913043~0.1847826~0.3913043~0.1847826, CustomDecal><1630.449><261.2345><-8~131~424~147~419~8~-269~92~0.2717391~0.5543478~0~greybubbly~0.5652174~0.1956522~0.5~0.1956522~0.5~0.1956522~0.5~0.1956522, CustomDecal><1699.165><326.8632><-12~118~257~122~261~48~21~92~0.3369565~0.4130435~0~whitebigtag~1~0~1~0~1~0~1~0, DangleFruit><625.9341><354.1719><0~0~3~5, CustomDecal><457.4424><526.6954><10~67~121~72~115~10~-565~-228~0.0326087~0.4782609~0~whitejunkscribble~0.01086957~0.3913043~0.5434783~0.3913043~0.5108696~0.3913043~0.326087~0.3913043, 
FadePalette: 4, 0, 0.2065217
