Template: NONE
Clouds: 0.272041
Grime: 0.2792876
BkgDroneVolume: 0.2640703
Palette: 9
EffectColorB: 14
Effects: Flies-0.2001811-263.6667-100.2778, RockFlea-0.05646117-264.6111-147.0278, 
PlacedObjects: CustomDecal><203.8496><384.8929><-32.58331~397.4722~317.1944~405.0276~249.6667~-17.47223~434.9165~-240.3612~0~1~1~rustb2~0.4948664~1~0.4948664~1~0.4948664~1~0.4948664~1, CustomDecal><1862.5><188.6945><-7.55542~436.6667~267.611~402.1943~263.361~-4.25~-333.3889~18.41656~0.04619565~1~1~rustb2~0.4948664~1~0.4948664~1~0.4948664~1~0.4948664~1, BlackSpot><-37.13759><79.63251><-10.86111~162.3055~252.5001~50.38886~200.5555~-79.80556, BlackSpot><60.60953><305.4679><3.777802~188.7501~-435.0555~234.5556~-437.4166~-2.361145, MudPit><29.79144><-14.64847><100.3612~19.61112~372.4722, CustomDecal><440.3643><150.6026><-7.083313~599.5833~74.9444~601.9443~87.22223~1.416672~419.8055~-16.99998~0.3079714~1~0.3387677~scav wedges3(vert)~0.6385869~0~0.2022944~0~0.2022944~0~0.525664~0, CustomDecal><1084.37><271.0956><-8.027756~151.9167~180.25~152.861~166.5555~-8.027771~506.2222~-117.5833~0.6210745~1~0~scavmark stonehead~0.3665466~0~0.3665466~0~0.3665466~0~0.3665466~0, CustomDecal><891.75><260.0833><-8.027756~151.9167~180.25~152.861~166.5555~-8.027771~170~-207.7777~0.6210745~1~0~scavmark stonehead2~0.3665466~0~0.3665466~0~0.3665466~0~0.3665466~0, CustomDecal><1424.417><278.9722><-19.83331~163.7223~168.9166~181.6666~192.9999~-8.027771~-8.499939~-394.3055~0.6210745~1~0~scavmark stonehead2~0.3665466~0~0.3665466~0~0.3665466~0~0.3665466~0, CustomDecal><2032.167><349.8056><-19.83331~163.7223~168.9166~181.6666~180.7221~2.833344~-486.3887~-122.7778~0.6210745~1~0~scavmark stonehead3~0.3665466~0~0.3665466~0~0.3665466~0~0.3665466~0, CustomDecal><1774.333><404.1111><-8.027756~151.9167~180.25~152.861~166.5555~-8.027771~170~-207.7777~0.6210745~1~0~scavmark stonehead2~0.3665466~0~0.3665466~0~0.3665466~0~0.3665466~0, CustomDecal><1231.278><210.9722><-8.027756~151.9167~180.25~152.861~166.5555~-8.027771~-295.1389~127.0278~0.3079708~1~0~scavmark stonehead2~0.3665466~0~0.3665466~0~0.3665466~0~0.3665466~0, CustomDecal><1390.417><39.08334><1.416687~172.2222~165.139~165.611~166.5555~-8.027771~-268.6945~122.3056~0~0.1941429~0~scavmark stonehead~0.3665466~0~0.3665466~0~0.3665466~0~0.3665466~0, CustomDecal><836.9722><-76.6111><-7.55542~436.6667~267.611~402.1943~263.361~-4.25~-333.3889~18.41656~0.04619565~1~1~rustb2~0.4948664~1~0.4948664~1~0.4948664~1~0.4948664~1, CustomDecal><453.8611><-39.8611><10.3891~388.0278~262.8888~378.5832~263.361~-4.25~-333.3889~18.41656~0.04619565~1~1~rustb1~0.4948664~1~0.4948664~1~0.4948664~1~0.4948664~1, 
AmbientSounds: OMNI><AM_ENV-WinterTrees.ogg><744.3021><387.6983><0.407608><1, 
FadePalette: 11, 0.1899155, 0.1796498
