Template: NONE
RainIntensity: 0.6
RumbleIntensity: 0.06
Clouds: 0.2087976
Grime: 0
Palette: 9
EffectColorA: 14
EffectColorB: 19
PlacedObjects: CustomDecal><431.0097><241.9645><-12.09479~528.5333~696.676~543.4666~728.6917~-60.44444~698.6521~98.1333~0.3402624~1~0~rustymetal(var)~0.5~0~0.5~0~0.5~0~0.5~0, CustomDecal><1006.233><211.0222><-8.537491~566.2222~696.676~543.4666~698.8105~-103.8222~698.6521~98.1333~0.3402624~1~0~rustymetal(var)~0.5~0~0.5~0~0.5~0~0.5~0, DangleFruit><512.2388><589.8828><-675.174~-107.3778~2~3, DangleFruit><465.2117><563.5346><-632.4865~-0.7111816~2~3, DeadSeedCob><1672.539><1226.319><, CustomDecal><1042.342><937.4174><-41.26457~282.4889~454.7802~194.3111~365.1365~-162.8444~776.9126~-180.6222~0.2861302~1~0~scavmark gw_a24~0.6314657~0.1701302~0.6314657~0.1701302~0.6314657~0.1701302~0.6314657~0.1701302, CustomDecal><603.1134><911.1303><-49.09064~221.3333~306.7968~309.5111~317.4686~-108.0889~-619.6802~128~0.3247963~1~0~scavmark bigsun~0.5~0.2706637~0.5~0.2706637~0.5~0.2706637~0.5~0.2706637, DeadSeedCob><443.556><1120.715><, CustomDecal><359.9883><1237.2><1.422852~156.6223~104.0313~158.7555~101.1854~2.844391~834.5406~278.0445~0.3015973~1~0~lc_entrymarksd~0.5~0.363463~0.5~0.363463~0.5~0.363463~0.5~0.363463, CustomDecal><900.4583><826.0254><-56.91663~211.3778~136.0469~197.1556~195.8094~11.37778~559.9178~313.598~0.3093295~1~0~scavmark stonehead2~0.6237316~0.3634624~0.6237316~0.3634624~0.6237316~0.3634624~0.6237316~0.3634624, 
AmbientSounds: OMNI><AM_ENV-Outside.ogg><715.9741><478.0457><0.3685349><1, 
FadePalette: 11, 0.30933, 0.3015964, 0.3093298, 0.3015964
