Template: tp_settingstemplate_inside
DangerType: Flood
CeilingDrips: 0
WaveSpeed: 0.5
WaveLength: 0.75
WaveAmplitude: 0.04866973
SecondWaveLength: 0.1666667
SecondWaveAmplitude: 0
Clouds: 0.8409901
Grime: 0
Palette: 106
TerrainLight: 1
TerrainStainAmount: 0.4697942
TerrainStainHeight: 0.4581936
TerrainWaves: 0.7332034
TerrainGooHeight: 1
TerrainGrain: 1
TerrainDepth: 3.699911
TerrainPalette: tomb
Effects: Bloom-0.7075917-20-20, Fog-0.4465947-18.79453-81.75859, WaterDepth-0.1101983-340.018-57.74687, DirtyWater-1-266.9156-113.2406, 
PlacedObjects: TerrainHandle><41.5966><157.0226><-40~0~57.07501~0~47.74686, TerrainHandle><250.7507><60.6977><-75.75079~28.28047~53.33981~-7.470306~25.33594, TerrainHandle><480.8433><-27.99023><-73.61639~-1.600781~82.15393~1.600781~-4.011718, TerrainHandle><720.5842><43.17737><-40~0~157.9243~25.0789~8.794533, TerrainHandle><1018.089><27.3982><-84.8219~132.3312~40~0~148.5961, LanternOnStick><160.073><465.1849><-16.54141~-150.7891, LanternOnStick><782.838><463.6639><21.87732~-109.7024, LanternOnStick><239.8165><159.8279><-6.403137~-140.6508, LanternOnStick><755.4427><196.259><21.87732~-180.6703, CustomDecal><287.5707><275.8019><0~133.9125~86.9563~133.9125~86.42261~0.5335999~507.4476~46.42273~0.1797976~1~1~boxheads~0.3678075~0.8583902~1~0.2783966~0.9246007~0.04059932~1~0.5567932, LanternOnStick><63.03402><164.4122><0~100, CustomDecal><588.0004><276.6894><0.5335693~136.0469~82.6875~136.5805~82.15387~0~223.0421~108.3197~0.2725969~1~0~iteratorsaint~0.9536~0.2145976~0.3794071~0.2145976~0.6404041~0.2145976~0.06959932~0.2145976, CustomDecal><-298.0882><248.5479><0~40~40~40~40~0~-157.4101~-160.0782~0~1~0~PH~0.5~0~0.5~0~0.5~0~0.5~0, CustomDecal><180.291><56.16424><-2.134369~190.4734~189.9398~195.8093~189.4062~1.067192~618.4353~244.9194~0~1~0~unq - plate3~1~0~1~0~1~0~1~0, CustomDecal><585.7068><61.517><0.5335693~191.5406~174.4656~191.007~177.6672~-2.134361~222.5085~295.6111~0~1~0~unq - plate1~1~0~1~0~1~0~1~0, LightBeam><408.0407><272.5702><-368.1797~266.7773~-234.2671~266.7774~734.7391~-91.24454~53.89294~201.6984~0.3040082~0.127598~0~1~None~0~0, 
TerrainFadePalette: badlands_2, 0.3305969
MorePalette0: 10, 0.1996088
