Template: NONE
Clouds: 0.3632849
Palette: 0
EffectColorA: 9
EffectColorB: 8
PlacedObjects: CustomDecal><1594.832><422.7134><-27.73331~151.6445~490.1334~262.5778~529.2444~-9.244446~-319.2889~-48.35559~0.6724638~1~0~bluebrown~0.4536236~0.2937197~0.4536236~0.2937197~0.4536236~0.2937197~0.4536236~0.2937197, CustomDecal><1613.401><641.5024><-17.06665~147.3778~593.9556~155.2001~527.8222~-132.2667~408.1779~-380.4444~0.5797106~1~0~oda~0.6855071~0.2937197~0.6855071~0.2937197~0.6855071~0.2937197~0.6855071~0.2937197, CustomDecal><1625.552><417.0483><-137.9556~374.2222~579.7332~383.4667~563.3777~-66.84445~-283.0222~-23.46667~0.6492752~1~0~caterpillar~0.2990337~0.2473426~0.2990337~0.2473426~0.2990337~0.2473426~0.2990337~0.2473426, CustomDecal><298.286><151.1366><-233.2444~637.3334~677.1555~649.4222~550.5779~-85.33333~-169.2444~25.60004~0.2937197~1~0~full wall~0.4304349~0.07729472~0.4304349~0.07729472~0.4304349~0.07729472~0.4304349~0.07729472, LightSource><1432.295><474.9155><0.08792247~Environment~696.8889~352.4445~50~86.60254~1~1~None~0~0, DangleFruit><336.5996><259.1025><0~0~2~3, DangleFruit><302.7354><229.7405><0~0~2~3, DangleFruit><283.8633><238.9506><0~0~2~3, DangleFruit><684.7522><433.4052><0~0~2~3, DangleFruit><1014.638><391.3734><0~0~2~3, DangleFruit><1656.784><323.3011><0~0~2~3, 
AmbientSounds: OMNI><AM_ENV-Outside.ogg><733.0066><474.5423><0.5><1, OMNI><AM_ENV-LushNight.ogg><546.5243><480.4787><0.3685993><1, OMNI><AM_ENV-LightWind.ogg><549.6307><390.7459><0.4613521><1, OMNI><AM_ENV-Pasture.ogg><729.4891><386.0015><0.5><1, 
FadePalette: 15, 0.1729466, 0.1729469
