Template: NONE
Grime: 0.3152174
Palette: 61
EffectColorB: 2
PlacedObjects: UniqueDataPearl><304.4778><203.4849><-333.4961~-192.0001~0~0~Misc~0, CustomDecal><490.5491><431.8003><-42.68762~250.1333~111.5016~249.5999~85.8891~-170.1333~-600.293~-535.4667~0.162398~0.3852071~0~rust2~0.5405993~0.8409901~0.5405993~0.5509936~0.5405993~0.3653956~0.5405993~1, CustomDecal><602.0953><222.4><-27.21338~79.46664~127.5094~110.3999~142.45~36.26669~-628.0398~-474.1333~0.3189963~0.5940048~0~whitetag4~0.4188007~1~0.4188007~1~0.4188007~1~0.4188007~0.3446078, CustomDecal><210><248><33.78662~81.46664~255.5094~69.3999~318.45~-58.73331~-276.0398~-75.1333~0~0.1157439~0~yellowfrog~0.2340181~1~0.2340181~1~0.2340181~1~0.2340181~0.3446078, 
FadePalette: 5, 0.3586957
