Template: NONE
WaveSpeed: 0.4882249
WaveLength: 0.9850544
WaveAmplitude: 0
SecondWaveLength: 0.1666667
SecondWaveAmplitude: 0
Clouds: 0.2694745
Grime: 0.07654008
BkgDroneVolume: 0
Palette: 22
EffectColorA: 19
EffectColorB: 21
Effects: LightBurn-0.4080617-20-20, 
PlacedObjects: CustomDecal><473.5194><763.3352><-165.75~688.5333~496.875~519.2889~414.7083~-307.2~-26.91653~239.6444~0~0.3070652~0~blackrust1~0.3383152~1~0.1227351~1~0.5~1~0.6231882~1, CustomDecal><687.1506><1078.759><-21.95834~231.2889~136.3333~234.8445~102.3334~-147.9111~-214.625~-310.7555~0~0.330163~0~rustb2~0.3306158~0.6698369~0.3922102~0.6698369~0.2382245~0.6698369~0.09193852~0.6698369, CustomDecal><735.7411><765.4893><-362.6667~764.6222~840.4169~766.0444~420.375~-331.3778~-281.9167~353.4222~0.4311593~0.6535326~0.3541668~rustb2~0.3845109~1~0.2613223~1~0.3922102~1~0.307518~1, CustomDecal><587.1354><1094.431><20.54169~443.9111~734.1666~766.0444~814.9167~-69.6889~-137.4166~-280.1778~0.6159416~1~0~rustb3~0.0457432~0.4542575~0.1535326~0.6775367~0.4153078~0.5928444~0.3229164~0.2925734, CustomDecal><394.4762><1002.647><-133.875~714.8444~1307.208~702.0444~1180.417~95.28891~975.375~-46.93332~0.3541671~1~0~dirtywaterline~0.3229171~0.1693832~0.3229171~0.1693832~0.3229171~0.1693832~0.3229171~0.1693832, LightSource><558.7841><504.6758><0.2454708~EffectColor1~-32.58333~128.4445~50~86.60254~1~1~None~0~0, LightSource><1084.449><545.9141><0.1607799~EffectColor1~0~100~50~86.60254~1~1~None~0~0, LightSource><575.361><694.1754><0.1761773~EffectColor1~-12.75~132.7111~50~86.60254~1~1~None~0~0, LightSource><1094.692><703.3401><0.1376814~EffectColor1~-102~175.3778~50~86.60254~1~1~None~0~0, LightSource><1143.805><889.9338><0.1530788~EffectColor1~0~100~50~86.60254~1~1~None~0~0, LightSource><1693.343><759.9831><0.2069742~EffectColor1~0~100~50~86.60254~1~1~None~0~0, LightSource><1750.514><548.1393><0.09918478~EffectColor1~0~73.68887~50~86.60254~1~1~None~0~0, LightSource><751.1769><1088.659><0.1145836~EffectColor1~2.833344~41.68887~50~86.60254~1~1~None~0~0, LightSource><710.2327><1044.994><0.1145836~EffectColor1~-4.249985~41.6889~50~86.60254~1~1~None~0~0, LightSource><668.9891><1067.586><0.1376811~EffectColor1~-11.33333~37.42218~50~86.60254~1~1~None~0~0, LightSource><859.0719><1323.534><0.07246333~Environment~-340.0834~80.08887~152~-85.39746~1~0~None~0~0, LightBeam><1121.498><849.2484><167.1667~763.911~620.8333~764.6221~749.0416~-247.4667~106.25~192~0.04583342~0~0~1~None~0~0, LightFixture><670.4496><880.4878><RedLight~17.32051~-10~39, 
AmbientSounds: OMNI><AM_ENV-Outside.ogg><765.3197><474.3366><0.1630435><0.8826087, OMNI><SO_NAT-LilDrips.ogg><730.0726><235.8423><0.2391304><1, OMNI><AM_SUB-CaveTone.ogg><551.9455><553.2078><0.08695652><1, OMNI><AM_SUB-BlankState.ogg><808.8447><336.9262><0.3478261><1, SPOT><AM_IND-50hz.ogg><324.2323><55.30078><0.5><1><1149.232><893.3005><-55.35535><-59.35534><0><0.1, SPOT><AM_IND-50hz.ogg><-1000><-1000><0.5><1><1691.567><757.8304><-56.35535><-69.35535><0><0.1, SPOT><AM_IND-50hz.ogg><-1000><-1000><0.5><1><1078.915><508.1811><-38.35535><-53.35535><0><0.1, SPOT><AM_IND-50hz.ogg><600.823><57.90683><0.5><1><1092.823><705.9069><-32.35535><-50.35535><0><0.1, SPOT><AM_IND-ElectricHum01.ogg><712.1187><293.6508><0.2826087><0.6086956><695.1187><1055.651><-44.35535><-37.35535><0><0.1, OMNI><AM_IND-Factory01.ogg><381.8496><399.1182><0.1630435><1.273913, 
FadePalette: 4, 0.4234599, 0.4234599, 0.4311596
MorePalette0: 20, 0.1607785, 0.1539851, 0.1539851
MorePalette1: 10, 0.1231882, 0.05389471, 0.1530795
