Template: NONE
DangerType: Flood
CeilingDrips: 0.8402624
WaveLength: 1
WaveAmplitude: 0.1005322
SecondWaveLength: 0.1666667
SecondWaveAmplitude: 0
Clouds: 0.3093298
Grime: 0.5231997
BkgDroneVolume: 0.520539
WaterReflectionAlpha: 1
Palette: 4
EffectColorA: 2
EffectColorB: 5
PlacedObjects: WaterNut><285.2653><201.1912><0~0~2~3, WaterNut><220.3517><211.1504><0~0~2~3, WaterNut><300.8635><186.6327><0~0~2~3, LightSource><582.5793><490.3534><0.4586729~EffectColor1~0~100~-529.8386~-12.29016~1~0~None~0~0, LightSource><683.5573><491.002><0.4586732~EffectColor1~0~100~-652.2095~-171.6568~0~0~None~0~0, BlackSpot><114.8633><603.5565><-0.7114563~72.01563~160.9479~80.55322~159.525~1.422852, BlackSpot><416.7827><599.595><-44.11041~63.47815~129.6437~105.4542~28.6167~-7.114563, LightSource><543.15><411.1552><0.1261437~Environment~-367.1125~187.5095~50~86.60254~1~1~None~0~0, CustomDecal><486.9703><241.9412><-49.802~168.0625~72.72717~186.5604~67.74689~-34.14999~-436.124~-194.2281~0~1~0~rust1~0.430401~0~0.5~0~0.5~0~0.5~0, CustomDecal><590.3563><178.6719><-49.802~168.0625~72.72717~186.5604~67.74689~-34.14999~-436.124~-194.2281~0~1~0~rust1~0.430401~0~0.5~0~0.5~0~0.5~0, CustomDecal><601.7396><458.9865><-46.95612~229.2479~79.13025~261.2636~69.16986~47.66769~-436.124~-194.2281~0~1~0~rust1~0.430401~0~0.5~0~0.5~0~0.5~0, CustomDecal><766.0865><419.1448><-46.95612~229.2479~79.13025~261.2636~69.16986~47.66769~-436.124~-194.2281~0~1~0~rust1~0.430401~0~0.5~0~0.5~0~0.5~0, CustomDecal><100.1614><258.3552><-54.78215~229.2479~66.32397~289.7219~148.8532~47.66769~105.2958~-231.2239~0~1~0~rust1~0.430401~0~0.5~0~0.5~0~0.5~0, CustomDecal><-5.845825><190.0552><24.18971~310.3541~148.1417~342.3698~148.8532~47.66769~85.37503~-122.3708~0~1~0~rust1~0~0~0.8557287~0~0.6391988~0~0~0, CustomDecal><845.0585><173.6917><-15.65186~306.7968~148.1417~342.3698~141.0271~-3.557312~-364.9781~-157.2323~0~1~0~rust1~1~0~0~0~0.5437383~0~0.9690664~0, CustomDecal><406.6835><409.647><-9.960388~68.45831~157.3906~135.3354~177.3115~7.826019~-355.7292~-170.75~0.3634627~1~0~ghostgraffiti~0.3298692~0.317063~0.3453352~0.3943956~0.8015963~0.5103939~0.02053866~0.4407946, CustomDecal><630.9095><153.7708><-9.960388~68.45831~157.3906~135.3354~177.3115~7.826019~-417.626~-119.5249~0.278396~1~0~garbagewormtag~0~1~0.2293369~1~0.8789281~0.8661227~0.4381329~1, 
AmbientSounds: SPOT><am_ind-electrichum01.ogg><709.6479><235.841><0.5><1><631.8647><454.2744><-95.82928><-70.92825><0><0.1, OMNI><am_env-forest.ogg><152.9656><340.8843><0.3813407><1, OMNI><am_sub-cavetone.ogg><367.4346><258.1083><0.6597379><1, SPOT><so_wat-moredrips.ogg><575.5147><90.11079><0.4045404><1><259.3928><268.7025><-53.14178><104.8019><0><0.1, 
FadePalette: 0, 0
