Template: NONE
Palette: 9
EffectColorB: 6
PlacedObjects: InsectGroup><507.5317><350.3063><-117.5833~112.8~0~0~StandardFly~0.107337, InsectGroup><608.2777><229.6672><-310.25~121.3333~0~0~RockFlea~0.1535326, CustomDecal><224.7281><301.4161><-62.33334~515.7333~279.4167~528.5333~207.875~-121.6~0~0~0~1~1~rust1~0.1843298~1~0.1843298~1~0.1843298~1~0.1843298~1, CustomDecal><683.6666><186.8444><-62.33334~515.7333~279.4167~528.5333~207.875~-121.6~0~0~0~1~1~rust1~0.1843298~1~0.1843298~1~0.1843298~1~0.1843298~1, CustomDecal><528.5417><66.66667><-62.33334~515.7333~279.4167~528.5333~207.875~-121.6~0~0~0~1~1~rust1~0.5153981~1~0.5153981~1~0.5153981~1~0.5153981~1, 
FadePalette: 13, 0.1195652
