Template: NONE
DangerType: Rain
RainIntensity: 1
RumbleIntensity: 1
Clouds: 0.2608696
Grime: 0.4347826
RandomItemDensity: 0.5543478
Palette: 5
EffectColorA: 11
EffectColorB: 2
Effects: Flies-0.08695652-20-20, 
PlacedObjects: CustomDecal><82.45966><94.80411><-6~277~249~223~242~-1~195~-40~0.6304348~0.8804348~1~bigm~0.7608696~0.5760869~0.7608696~0.5760869~0.7608696~0.5760869~0.7608696~0.5760869, CustomDecal><236.4349><376.326><-18~234~276~174~265~26~358~-197~0.5869569~1~1~barnacle~0.2391299~0.8152174~0.2391299~0.8152174~0.2391299~0.8152174~0.2391299~0.8152174, CustomDecal><376.0596><83.68893><-9~101~181~99~185~0~-427~201~0.2717391~0.4891304~1~chaoticb&w2~0.8804348~1~0.8804348~1~0.8804348~1~0.8804348~1, CustomDecal><1006.7><450.9938><3~173~343~172~328~7~-546~-114~0.3043478~0.8260869~1~angularwhiteols~0.173913~1~0.173913~1~0.173913~1~0.173913~1, SeedCob><850.6677><585.4324><-119~-92~7~10, DeadSeedCob><873.8813><702.4009><, CustomDecal><58.59171><1183.072><3~55~77~53~73~-5~697~-77~0.3152174~0.5760869~0.3152174~teethman~0.5~0.1195652~0.5~0.1195652~0.5~0.1195652~0.5~0.1195652, 
AmbientSounds: OMNI><AM_ENV-Outside.ogg><751.4092><471.8789><0.326087><0.9413043, OMNI><AM_ENV-LightWind.ogg><741.6058><558.8615><0.3152174><0.9021739, SPOT><AM_IND-Utility02.ogg><423.1978><437.8069><0.3695652><1><767.1978><172.8069><-129.3553><-15.35535><0><0.2304349, SPOT><SO_IND-Boiler.ogg><517.6741><581.1851><0.3586957><0.6282609><218.6741><344.1851><-53.35535><-30.35535><0><0.1000001, SPOT><SO_IND-Deep50hz.ogg><741.0652><143.0764><0.2608696><1.058696><200.0652><899.0764><-35.35534><-35.35534><0><0.1108697, SPOT><AM_IND-ElectricHum02.ogg><-1000><-1000><0.5><1><22.61646><1369.101><-49.35535><-35.35535><0><0.1, SPOT><AM_ENV-NatWind.ogg><840.6263><342.1572><0.423913><1><1133.626><1452.157><-685.3553><-300.3553><0><0.1, SPOT><SO_IND-Fridge.ogg><630.9182><349.3583><0.3478261><0.9804348><32.87573><1204.359><-15.35535><-11.35535><0><0.078261, 
FadePalette: 15, 0.2934783, 0.2934783
