Template: NONE
Clouds: 0.2725966
Grime: 0.2274034
WaterReflectionAlpha: 0
Palette: 6
EffectColorA: 10
Effects: Fog-0.2725968-20-20, Flies-0.1797976-30-30, 
PlacedObjects: CustomDecal><269.174><203.4646><22.41089~185.671~370.8281~188.8726~436.9938~-86.44218~-36.8179~188.3586~0.6437929~1~0~bluewhitejunk~0.5579973~0.6611925~0.5579973~0.6611925~0.5579973~0.6611925~0.5579973~0.6611925, CustomDecal><887.4332><330.1471><42.15393~252.9039~200.078~370.8281~229.4259~-65.09845~9.604614~-297.7453~0~1~0~crudebubblyb&w~0.1868034~0.3595959~0.1868034~0.3595959~0.1868034~0.3595959~0.1868034~0.3595959, 
AmbientSounds: OMNI><AM_IND-Utility04.ogg><745.8952><409.4075><0.413001><1, 
FadePalette: 15, 0.1043988
