Template: NONE
Clouds: 0.173913
Grime: 0.1847826
EffectColorA: 1
EffectColorB: 6
PlacedObjects: ReliableSpear><509.7197><253.0523><, CustomDecal><294.9052><259.9261><-3~425~420~377~393~-155~0~0~0.04347826~1~0~rust3~0.5~0.25~0.5~0.25~0.5~0.25~0.5~0.25, CustomDecal><87><88><-3~425~563~402~393~-155~0~0~0.04347826~1~0~rust3~0.3913043~0.25~0.3152174~0.25~0.4782609~0.25~0.5~0.25, CustomDecal><585><234><-3~425~563~402~700~-221~0~0~0.04347826~1~0~rust3~0.5~0.25~0.5~0.25~0.5~0.25~0.5~0.25, 
AmbientSounds: OMNI><AM_ENV-Outside.ogg><751.111><476.3562><0.3913043><0.7065217, 
FadePalette: 8, 0.2934783
