Template: NONE
DangerType: Rain
CeilingDrips: 0.5
WaveSpeed: 0.75
WaveLength: 0.5
WaveAmplitude: 0
SecondWaveLength: 0.1666667
SecondWaveAmplitude: 0
Clouds: 0.2947235
Grime: 0.3695652
BkgDroneVolume: 0.2469565
Palette: 5
EffectColorA: 10
EffectColorB: 2
Effects: Flies-0.1630435-20-20, 
PlacedObjects: ReliableSpear><634.6757><213.5005><, ReliableSpear><700.9318><255.1435><, DataPearl><1820.188><458.1981><0~0~0~0~Misc~0, InsectGroup><672.8958><354.9478><86.79785~58.73541~0~0~StandardFly~0.2602698, InsectGroup><2804.935><329.1239><-56.91669~117.075~0~0~StandardFly~0.3298692, CustomDecal><767.3792><197.2927><-123.0823~422.053~390.0376~426.3219~322.449~-182.1333~-368.7469~81.10634~0.3325301~1~0~rust2~0.2344082~0.6263939~0.2344082~0.6031932~0.2344082~0.6186596~0.2344082~0.7346576, CustomDecal><2062.861><54.16151><9.960403~291.1447~113.9917~311.0656~72.01563~-17.075~101.7386~251.1448~0~0.3272084~0~verticalmess~0.3557294~0.2010643~0.3557294~0.2010643~0.3557294~0.2319972~0.3557294~0.2551972, CustomDecal><2374.143><96.82861><-68.30002~544.4238~177.3116~571.4594~113.9917~-24.1896~335.8083~-41.97606~0.6573254~1~0~rust1~0.2112095~0.4949281~0.2112095~0.4949281~0.2112095~0.4949281~0.2112095~0.4949281, CustomDecal><2844.167><402.3062><-0.7114258~133.2011~47.11475~155.2563~48.53754~0.7115173~-340.7885~-202.7657~0.6495879~1~0~crackdweller2~0.497339~0.3479966~0.4586732~0.317063~0.4741397~0.2783966~0.5282732~0.2242637, CustomDecal><2520.659><173.2731><-2.134399~251.517~237.9992~325.5087~274.9951~-14.94061~-362.1329~145.1369~0.6573257~1~0~greenpink~0.6959919~0.4639946~0.6959919~0.4021285~0.6959919~0.4021288~0.6959919~0.4175949, CustomDecal><524.0504><122.5588><-71.14587~17.23335~-80.94794~298.9708~22.21332~331.5395~81.10626~-1.525879E-05~0~0.636537~0~shinytag(var)~0.5360061~0.4175959~0.5360061~0.4098623~0.5360061~0.4485281~0.5360061~0.4717275, SporePlant><1197.935><419.8366><0~0~8~12, SporePlant><1291.104><378.9435><32.01563~-3.557281~7~10, 
AmbientSounds: OMNI><AM_ENV-Outside.ogg><832.3298><640.8949><0.4347826><0.9021739, OMNI><AM_ENV-LightWind.ogg><760.3755><521.6558><0.3913043><0.7847826, SPOT><AM_IND-ElectricHum02.ogg><816.7961><284.5694><0.2757356><1><1559.647><421.9756><3.063416><-69.50534><0><0.3319981, SPOT><AM_IND-Utility03.ogg><568.9885><445.8214><0.3994678><1><275.7448><723.3849><119.7426><-95.82935><0><0.4402632, SPOT><AM_IND-Utility03.ogg><820.8293><412.1665><0.4149342><1><3236.53><711.7853><-133.5369><-99.38666><0><0.4402625, SPOT><AM_IND-DeepHum.ogg><727.6423><312.359><0.2602692><1><795.1081><279.7267><-35.35535><13.0238><0><0.1386666, 
FadePalette: 15, 0.4896061, 0.4347826, 0.4811819
