Template: NONE
DangerType: Flood
CeilingDrips: 0.5463768
Clouds: 0.162319
Grime: 0.4458937
WaterReflectionAlpha: 0.2425122
Palette: 9
Effects: Flies-0.3864736-20-20, RedSwarmer-0.2241548-27.15555-86.17777, 
PlacedObjects: CustomDecal><253.2218><-32.12946><-142.9333~300.2667~775.2889~281.0667~641.6~-16.35555~-451.5555~34.84444~0.3014493~1~0.8067631~dirtywaterline~0.3531398~0.8347827~0.5850239~0.5410631~0.3067634~0.7342995~0.3608695~1, CustomDecal><110.9932><189.0864><-15.64444~251.9111~170.1334~243.3778~166.5778~0.7111206~133.6889~-170.6667~0.1391296~1~0.6057972~rust2~0.7705311~0.06183525~1~0.01545848~0.8787431~0.01545848~0.3531401~0.7265698, CustomDecal><110.2223><323.7333><-34.84442~261.1555~184.3556~254.0444~166.5778~0.7111206~133.6889~-170.6667~0.1391296~1~1~rust2~0.8864733~0.06183591~0.9173916~0.01545848~0.2835746~0~0~1, CustomDecal><576.6017><258.3497><-9.955566~281.0667~211.3777~291.7333~283.9111~27.73334~-435.9111~-7.822205~0.5256036~0.6830915~0.1391303~cyansperm~0.2550729~0.04637677~0.4714979~0.2782606~0.2318842~0.04637677~0.3787437~0.6801924, CustomDecal><248.7782><144.6661><-33.42224~278.9333~735.4667~242.6667~662.9333~-143.6444~-68.97778~-166.4~0.6956522~0.7449275~0.2009662~shinytag~0.4768119~0.3864733~0.3531408~0.5024155~0.2681168~0.1777775~0.229469~0.6183578, CustomDecal><358.4405><128.5114><37.6889~340.0888~625.9556~219.9112~532.7999~-41.95558~0~0~0.6956522~0.7449281~0.2396127~badskin~0.5154591~0~0.337681~0.5874388~0.5231881~0.108212~0.7782606~0.3632852, CustomDecal><94.52211><354.3448><-14.93329~245.5111~224.1778~231.2889~199.2889~-4.266647~304.3556~-140.8~0.1700473~1~0.5487916~whiteeye~0.5541057~0~0.4458937~0.1391303~0.19855~0.6106275~0.4458937~0.1391303, CustomDecal><71.25009><225.7164><-37.68878~84.08891~281.0667~148.0889~270.4~-23.46664~304.3556~-140.8~0.3091769~1~0.5748795~whitetag8~0.8038642~0.4328507~0.5410627~0.4792268~0.1700486~0.2086958~0.3942035~0.4483085, CustomDecal><283.0222><334.4><22.04454~217.0667~372.0889~110.4~398.4~-27.73331~-321.4222~-288.7112~0.5256016~0.6985507~0.6599035~whitetag6~0.324637~0.5178744~0.4792268~1~0.216425~0.1623187~0.162319~0.4019321, SporePlant><397.3502><323.8717><0~0~7~10, SporePlant><758.7555><315.2><0~0~7~11, 
FadePalette: 20, 0.1497585
