Template: NONE
Palette: 54
EffectColorB: 13
FadePalette: 53, 0.4673913, 0.4673913
