Template: NONE
CeilingDrips: 0.5
Clouds: 0.326087
Grime: 0.3913043
Palette: 6
PlacedObjects: Mushroom><201.5635><332.3223><-388~113~2~3, Mushroom><188.1403><320.8574><-375~201~2~3, CustomDecal><107.4836><168.8007><-13~108~58~136~87~30~-179~-321~0~0.3478261~0.2826087~ghostling2~0.5~0.326087~0.5~0.326087~0.5~0.326087~0.5~0.326087, CustomDecal><324.6555><454.6763><16~34~222~32~207~-43~-493~-336~0~0.08695652~0.173913~alienletterb&w~0.4021739~0.1847826~0.4021739~0.1847826~0.4021739~0.1847826~0.4021739~0.1847826, CustomDecal><26.24683><173.7><-10~494~976~496~931~3~339~-179~0~0.9565217~0.9130435~rust2~0.25~0.2826087~0.2065217~0.2826087~0.1956522~0.2826087~0.09782609~0.2826087, 
AmbientSounds: OMNI><SO_WAT-LilDrips.ogg><740.6497><505.923><0.2065217><1, OMNI><AM_ENV-LightWind.ogg><761.8878><390.8344><0.3804348><1, SPOT><SO_IND-Carwash.ogg><486.0775><538.3988><0.2065217><1><139.0775><327.3988><-124.3553><-42.35535><0><0.1217393, 
FadePalette: 8, 0.3695652
