Template: NONE
CeilingDrips: 0.7065217
Clouds: 0.2391304
Grime: 0.4347826
Palette: 0
EffectColorA: 1
EffectColorB: 8
Effects: SkyBloom-0.1413043-20-20, 
PlacedObjects: ReliableSpear><371.7093><389.1958><, DangleFruit><803.4379><564.5599><-873~13~2~4, DangleFruit><847.9214><573.0661><0~0~2~4, LightBeam><162.3257><244.5981><138~517~740~518~290~-61~-390~-74~0.3021738~0~0~1~None~0~0, LightSource><586.5357><722.8032><0.08695652~Environment~289~-225~-561~-853.3975~1~1~None~0~0, CustomDecal><730.902><629.38><10~110~206~102~158~-14~-444~-144~0~1~0.1413043~radio~0.4130435~0.5543478~0.7065217~0~1~0.4456522~1~0.2282609, SpotLight><-264.8959><342.4207><0~40~40~40~40~0, InsectGroup><518><253><127~137~293~149~TinyDragonFly~0.7065217, CustomDecal><-198.8142><266.3241><-26~92~126~380~380~-44~288~-593~0~1~0.4456522~rustb3~0~0.3695652~0.3586957~0.4456522~0.8152174~0.6847826~0.5760869~0.2391304, CustomDecal><129.8113><65.31616><-17~124~714~60~636~-130~341~-296~0~1~0~big tag~0.4673913~0.3695652~0.4456522~0.5978261~0.4347826~0.1521739~0.3804348~0.6956522, Rainbow><582.9447><302.7957><-286~60~-161~-471~0.2065217,0.6630435,0.5760869,1,0.6304348,0.05217378, 
AmbientSounds: OMNI><AM_ENV-LightWind.ogg><839.2114><595.1962><0.2717391><0.8630434, OMNI><AM_ENV-Outside.ogg><771.8311><409.643><0.3804348><0.9021739, 
