Template: NONE
Clouds: 0.8260869
Palette: 14
EffectColorA: 19
EffectColorB: 2
Effects: LightRain-0.1195652-20-20, HeavyRain-0-30-30, Fog-1-262-26, FireFlies-0.2934783-193-103, AboveCloudsView-0.02173913-60-60, 
PlacedObjects: CustomDecal><22.39999><52.38257><-104~552~681~747~706~213~0~0~0.3586957~1~0~PH~0.04347826~1~0.1413043~1~0.1521739~1~0.1195652~1, CustomDecal><282.8395><1608.119><-271~769~1094~777~843~-63~0~0~0~1~0~rustb3~0.5~0.4565217~0.5~0.4565217~0.5~0.4565217~0.5~0.4565217, LightSource><253.662><707.9296><0.3369565~EffectColor1~321~-198~40~-239.3975~0~0~None~0~0, LightSource><880><723><0.3369565~EffectColor2~68~-105~40~-239.3975~0~0~Flash~0.9565217~0, LightSource><944><727><0.3369565~EffectColor2~68~-105~40~-239.3975~0~0~Flash~0.1630435~0, LightSource><883><713><0.4347826~EffectColor1~68~-105~40~-239.3975~0~0~Flash~0.326087~0, LightSource><946><722><0.4347826~EffectColor1~68~-105~40~-239.3975~0~0~Flash~0.1630435~0, CustomDecal><-61.44464><793.2043><-140~779~1343~776~1195~-102~0~0~0~1~0~rustb3~0.2391304~0.4891304~0.4782609~0.4891304~0.2717391~0.4891304~0.2717391~0.4891304, LightSource><169.8343><2177.605><0.04347826~Environment~1127~-677~50~86.60254~1~1~None~0~0, LightSource><139.3622><1414.105><0.06521739~Environment~984~-589~55~-276.3975~0~1~None~0~0, LightSource><1280><793.0002><0.06521739~Environment~984~-589~55~-276.3975~0~1~None~0~0, LightSource><1288.408><320.127><0.07608695~Environment~-526~80~-645~-62.39746~1~1~None~0~0, LightSource><804.05><1891.001><0.423913~EffectColor1~-164~-48~50~86.60254~0~0~Flash~0.1195652~0, LightSource><938><1954><0.6086956~EffectColor1~-164~-48~50~86.60254~0~0~Flash~0.3586957~0, LightSource><867><1991><0.3913043~EffectColor1~-164~-48~50~86.60254~0~0~Flash~0.6304348~0, LightSource><1274><1784><0.02173913~Environment~1127~-677~-438~-11.39746~1~1~None~0~0, 
FadePalette: 23, 0.2391304, 0.3043478, 0.3369565
MorePalette0: 10, 0.09782609, 0.1195652, 0.1413043
