Template: NONE
Clouds: 0.2087979
Grime: 0.6082654
Palette: 5
EffectColorA: 13
EffectColorB: 2
Effects: LightBurn-0.0386661-20-20, RedSwarmer-0.2010646-15.05936-74.11042, Flies-0.1546647-268.3385-74.11042, 
PlacedObjects: CustomDecal><213.3969><160.0537><48.37918~320.3145~364.4249~462.6062~308.2198~-216.2833~-184.2676~-304.5042~0~1~0~rust2~0.5695987~0.3634617~0.5695987~0.3634617~0.5695987~0.3634617~0.5695987~0.3634617, CustomDecal><-61.81651><178.7785><347.1917~330.9865~1334.854~221.4219~1130.666~-219.8406~162.2125~101.027~0~1~0~blackrust1~0.407201~1~0.407201~1~0.407201~1~0.407201~1, CustomDecal><1226.326><91.91145><-83.24063~342.3698~506.0053~385.0573~444.1083~-24.18958~567.0323~123.7937~0~1~0~bluebrown~0.3221356~1~0.3221356~1~0.3221356~1~0.3221356~1, CustomDecal><829.7257><88.17074><-293.1208~419.9187~1326.317~303.951~898.7302~-97.4698~986.7927~28.45835~0~1~0~rustb3~0.4845342~1~0.4845342~1~0.4845342~1~0.4845342~1, 
FadePalette: 20, 0.1701314, 0.1778646
