Template: NONE
RainIntensity: 0.6
RumbleIntensity: 0.06
Grime: 0
WaterReflectionAlpha: 0.7138702
Palette: 4
EffectColorA: 2
EffectColorB: 6
Effects: WaterFluxFrequency-0.2010644-20-20, WaterFluxMinLevel-0.5026605-287.5479-23.6, LightBurn-0.1005322-20.03958-82.62222, Fog-1-301.0656-89.73333, 
PlacedObjects: Geyser><2580.469><288.0222><0~370.2222~0.5, Geyser><2400.656><292.9094><-1.422913~388.7111~0.840263, WaterCurrent><863.5726><159.5015><515.8071~-1.244446~-283.4445~235.7573, WaterCurrent><1391.203><47.84315><2.845825~137.4222~343.6608~68.8623, WaterCurrent><1359.18><188.3104><69.01141~0.1777649~-351.2912~54.75874, WaterCurrent><1544.278><83.00168><-119.525~0.1777725~356.8512~67.82681, WaterCurrent><1511.85><115.9308><-1.422913~177.9555~-230.094~61.55679, WaterCurrent><1664.232><247.6898><-182.8448~0.8888855~474.6934~62.87437, WaterCurrent><1632.851><153.7742><-1.422974~125.3332~297.2063~63.26629, WaterCurrent><1767.539><176.5583><1176.041~9.422211~-153.5334~219.1227, WaterCurrent><1604.129><154.2228><169.3271~-0.5333557~-340.0143~68.76596, WaterCurrent><867.7096><186.8648><-789.7187~-0.5333405~39.92057~216.7985, Geyser><2760.481><291.6779><-1.422974~427.1111~0.3221356, LightFixture><1455.336><140.7957><RedSubmersible~-452.9534~319.2445~75, LightFixture><1568.192><187.4848><RedSubmersible~-576.7471~366.8889~57, LightBeam><299.6155><1237.568><126.6395~330.8444~613.4354~328.711~-310.0374~-617.9555~307.35~-29.86664~0.2221348~0~0~1~None~0~0, HarmfulSteam><448.1335><1118.489><5~8.660254~0.2~0.685598~0.3~0~38.84445, HarmfulSteam><586.1898><1073.195><5~8.660254~0.3159976~0.8479966~0.3~39.13025~33.86664, HarmfulSteam><499.7873><928.0892><5~8.660254~0.2~1~0.3~0.7114258~-42.93333, HarmfulSteam><377.0917><953.8489><5~8.660254~0.1304003~0.4845331~0.3~-24.901~-25.15555, Mushroom><321.9793><1072.787><19.20941~161.4222~2~3, Mushroom><297.5209><1076.375><-223.3979~173.5111~2~3, CustomDecal><425.7198><1176.224><-0.7114868~123.2~-60.31561~118.9334~-58.89276~-4.266724~391.302~-477.8666~0.2629302~1~0~owlman~0.5~0~0.5~0~0.5~0~0.5~0, LillyPuck><445.2928><306.0833><165.7698~106.6667~2~3, LillyPuck><630.5102><307.005><-16.36353~195.5556~2~3, CustomDecal><1285.195><346.294><-31~45~311~47~309~-2~298~7~0.2065217~1~0~polliwogs~0.5~0.7826087~0.5~0.7826087~0.5~0.7826087~0.5~0.7826087, 
AmbientSounds: SPOT><am_env-outside.ogg><869.9193><594.9298><1><1><490.114><1386.463><-42.46991><-39.62201><0><0.1, SPOT><er_vacuum.ogg><673.2756><402.8398><0.6082658><1><480.5839><1018.728><-61.67926><-83.71091><0><0.1, 
FadePalette: 2, 0.02319983, 0, 0, 0.03093305
