Template: NONE
Clouds: 0.06521739
Grime: 0.361832
BkgDroneVolume: 0.3000001
BkgDroneNoThreatVolume: 1
Palette: 70
EffectColorA: 5
TerrainLight: 0.6195652
TerrainStainAmount: 0
TerrainStainBrightness: 0.6413044
TerrainStainHeight: 0.2717391
TerrainWaves: 0.2173913
TerrainGooHeight: 0.3695652
TerrainGrain: 0.8065212
TerrainSkyFade: 0.2826087
TerrainPalette: outerrim
Effects: Dustpuffs-0.5326087-20-20, 
PlacedObjects: TerrainHandle><73.85196><499.3655><-40~0~40~0~30, TerrainHandle><366.112><410.1657><-40~-20~40~0~20, TerrainHandle><686.3234><415.0939><-207~-55~58~-22~29, TerrainHandle><1030.309><354.5602><-56~-40~42~11~32, TerrainHandle><1376.92><297.644><-50~-40~48~-2~10, TerrainHandle><1590.972><258.4481><-85~-55~60~17~18, TerrainHandle><1897.847><246.8793><-60~-59~88~20~4, TerrainHandle><2105.948><222.0274><-21~14~102~1~19, TerrainHandle><2301.316><167.5613><-43~84~4~-64~39, FloatingDebris><601.4498><544.4906><-280.2667~86.19995~653875837~0~30~0.25~0.5~10~-381|75|1664~326|56|138~0.38|-0.57|0.57~0.01|-0.74|-0.11~0|-0.71|-1.66~Stardust~0.5~0.38v0.26v0v0|0.42v0.4599999v0v0|-0.01v0.85v0v0~0, ColouredLightSource><1197.75><341.7675><-33.04266~150.9778~00FF00~73.28021^93.44443~0.1493434~True~0.8711959~0~0.5~Always~0~100, ColouredLightSource><1415.804><363.9373><57.3125~-245.8222~00FF00~114.5448^27.31108~0.1493431~True~0.9175953~0~0.5~Always~0~100, ColouredLightSource><1720.128><479.6604><-183.8719~133.9111~00FF00~105.2958^-55.17778~0.203476~True~0.9021282~0~0.5~Always~0~100, ColouredLightSource><2020.284><374.3839><100~50~00FF00~113.8334^-41.66669~0.1493424~True~0.886663~0~0.5~Always~0~100, ColouredLightSource><2248.276><337.642><-274.9385~60.66669~00FF00~91.77814^-79.35551~0.1338766~True~0.863463~0~0.5~Always~0~100, ColouredLightSource><756.3198><572.9884><108.5375~-73.02222~00FF00~147.2719^-12.51114~0.4200072~False~0.5154671~0~0.5~Always~0~100, ColouredLightSource><763.2274><756.8976><142.6876~-50.97778~00FF00~107.4302^37.26666~0.3040082~False~0.5~0~0.5~Always~0~100, CustomDecal><199.8478><412.8256><-10~92~160~116~217~34~275~26~0~1~0~rustb3~0.3804348~0.09782609~0.3804348~0.09782609~0.3804348~0.09782609~0.3804348~0.09782609, CustomDecal><43><651.0001><-27~277~175~270~173~70~94~-114~0~1~0~rust2~0.5217391~0.09782609~0.5217391~0.09782609~0.5217391~0.09782609~0.5217391~0.09782609, CustomDecal><1301><457.0001><-25~220~110~209~105~7~288~-148~0~1~0~rustb3~0.5108696~0.09782609~0.5108696~0.09782609~0.5108696~0.09782609~0.5108696~0.09782609, CustomDecal><1432><521><-126~218~121~214~113~-107~282~-66~0~1~0~rust2~0.3913043~0.09782609~0.3913043~0.09782609~0.3913043~0.09782609~0.3913043~0.09782609, CustomDecal><510><365.0001><145~316~359~389~433~-18~-363~-48~0~1~0~rustymetal(var)~0.2065217~0.09782609~0.2065217~0.09782609~0.2065217~0.09782609~0.2065217~0.09782609, CustomDecal><20><401.0001><-12~522~310~499~433~-18~450~66~0~1~0~rustymetal(var)~0.1630435~0.09782609~0.1630435~0.09782609~0.1630435~0.09782609~0.1630435~0.09782609, CustomDecal><1090><282.0001><17~600~1191~580~1295~-89~450~66~0~1~0~rustymetal(var)~0.1630435~0.09782609~0.1630435~0.09782609~0.1630435~0.09782609~0.1630435~0.09782609, CustomDecal><1582><517><-14~399~288~393~290~-5~-406~12~0~1~0~megarust~0.3152174~0.09782609~0.3152174~0.09782609~0.3152174~0.09782609~0.3152174~0.09782609, CustomDecal><1857><500><0~275~296~232~290~-5~-406~12~0~1~0~megarust~0.3152174~0.09782609~0.3152174~0.09782609~0.3152174~0.09782609~0.3152174~0.09782609, CustomDecal><1488><225><59~264~400~234~310~36~-406~12~0~1~0~megarust~0.3152174~0.09782609~0.3152174~0.09782609~0.3152174~0.09782609~0.3152174~0.09782609, 
AmbientSounds: OMNI><RWTW_AR_WindyCliff.ogg><613.5372><390.7316><0.2569189><1, 
FadePalette: 78, 0.4021739, 0.2608696
