Template: NONE
Clouds: 0.2608696
Grime: 0.3586957
EffectColorA: 9
EffectColorB: 8
PlacedObjects: CustomDecal><119.4234><1011.065><-57~200~576~272~537~-3~-336~-94~0.6413044~1~0~alienletterb&w~0.2717391~0.2282609~0.4021739~0.2282609~0.2717391~0.2282609~0.173913~0.2282609, CustomDecal><537.679><1046.411><-65~300~96~295~210~-16~-442~-31~0.6521739~1~0~whitetag14(uglytag)~0.6195652~0.4021739~0.5434783~0.4021739~0.5~0.4021739~0.5~0.4021739, 
AmbientSounds: OMNI><am_env-citytone.ogg><734.7806><521.3024><0.3152174><1, SPOT><am_env-lightwind.ogg><730.343><474.0729><0.4021739><1.117391><464.343><929.073><-232.3553><44.64465><0><0.2847827, 
FadePalette: 8, 0.06521739, 0.0326087
