Template: NONE
Clouds: 0.2934783
Palette: 4
EffectColorA: 2
EffectColorB: 6
PlacedObjects: CustomDecal><179.125><-24.59381><6~338~911~318~911~10~84~379~0~1~0~dirtywaterline~0.5~0.3804348~0.5~0.3804348~0.5~0.3804348~0.5~0.3804348, CustomDecal><1270.69><-20.18616><0~295~1292~308~1279~3~-214~289~0~1~0~dirtywaterline~0.5~0.3804348~0.5~0.3804348~0.5~0.3804348~0.5~0.3804348, CustomDecal><1737.953><210.8055><-3~256~478~253~499~-21~-331~-143~0.6521739~1~0~crudegrey~0.4021739~0.25~0.4021739~0.25~0.4021739~0.25~0.4021739~0.25, CustomDecal><1205.38><-26.40988><3~735~550~740~528~4~-249~66~0.6521739~1~0~rustb3~0.5~0.2826087~0.5~0.2826087~0.5~0.2826087~0.5~0.2826087, CustomDecal><1485.593><0.8764343><0~745~554~749~551~-9~-324~-9~0~1~0~rust2~0.326087~0.2282609~0.326087~0.2282609~0.326087~0.2282609~0.326087~0.2282609, CustomDecal><364.9637><-15.19667><9~717~563~717~568~-12~-327~-23.99998~0.6521739~1~0~rustb2~0.3369565~0.2391304~0.3369565~0.2391304~0.3369565~0.2391304~0.3369565~0.2391304, CustomDecal><122.186><16.92664><7~621~523~643~484~-20~-398~3~0.6521739~1~0~rustb1~0.3369565~0.2608696~0.3369565~0.2608696~0.3369565~0.2608696~0.3369565~0.2608696, CustomDecal><2109.094><-27.82356><18~747~504~739~518~6~436~320~0.6413044~1~0~rustb3~0.5~0.326087~0.5~0.326087~0.5~0.326087~0.5~0.326087, CustomDecal><1698.629><56.40953><24~673~506~680~500~-19~708~201~0.6413044~1~0~rust3~0.5~0.1956522~0.5~0.1956522~0.5~0.1956522~0.5~0.1956522, CustomDecal><277.1754><411.1856><-4~108~185~152~230~18~-282~-139~0.6413044~1~0~whitetag7~0.5~0.2717391~0.5~0.2717391~0.5~0.2717391~0.5~0.2717391, CustomDecal><1816.696><-28.95979><19~732~535~716~530~4~0~0~0.6521739~1~0~rustb3~0.3913043~0.6739131~0.3913043~0.6739131~0.3913043~0.6739131~0.3913043~0.6739131, CustomDecal><2534.815><396.8109><-7~163~182~170~171~-2~-465~-47~0.3152174~1~0~whitetag9~0.5~0.2826087~0.5~0.2826087~0.5~0.2826087~0.5~0.2826087, CustomDecal><2573.114><365.6038><-6~208~291~208~313~-5~-318~-101~0.326087~1~0~pinkbubbly~0.5~0.3152174~0.5~0.3152174~0.5~0.3152174~0.5~0.3152174, CustomDecal><971.0796><300.8546><0~229~341~256~327~1~479~-231~0.326087~1~0~badskin~0.4347826~0.3478261~0.4347826~0.3478261~0.4347826~0.3478261~0.4347826~0.3478261, CustomDecal><1179.39><293.857><3~242~204~279~204~-23~349~-39~0.3152174~1~0~verticalmess~0.5~0.1956522~0.5~0.1956522~0.5~0.1956522~0.5~0.1956522, CustomDecal><1269.405><227.3769><11~199~644~265~610~-13~-270~121~0.6521739~0.6739131~0~ycio~0.4021739~0.2717391~0.4021739~0.2717391~0.4021739~0.2717391~0.4021739~0.2717391, DangleFruit><734.1982><538.527><0~0~2~3, DangleFruit><765.1135><493.4148><0~0~2~3, DangleFruit><2464.801><502.2645><0~0~2~3, 
AmbientSounds: SPOT><SO_WAT-OpenFlow.ogg><764.8345><341.3188><0.4130435><1><520.834><239.3188><-262.3553><116.6447><0><0.9369566, SPOT><SO_WAT-Pour.ogg><765.5705><222.8382><0.2173913><1><539.571><157.8382><-194.3553><-20.35535><0><0.404348, OMNI><SO_NAT-LilDrips.ogg><759.5663><561.0613><0.3369565><1, SPOT><SO_WAT-LilDrips.ogg><763.1649><448.6133><0.3478261><1><307.1649><549.6133><-160.3553><-68.35535><0><0.4152175, OMNI><am_ind-utility02.ogg><737.58><374.3947><0.2065217><1, 
FadePalette: 8, 0.06521739, 0.07608695, 0.07608695
