Template: NONE
Clouds: 0.1545894
Grime: 0.3995172
Palette: 14
EffectColorA: 4
EffectColorB: 18
PlacedObjects: CustomDecal><582.4882><169.2347><-19.91107~112.5334~285.3333~181.5111~301.6889~45.51114~-450.1334~-6.103516E-05~0~0.1188408~0.6444445~crudebubblyb&w~0.6260871~0.904346~0.2657009~0.9971008~0.3400967~0.1391296~0.6183566~0.1932362, CustomDecal><608.8889><103.7778><-6.399902~176.5334~330.8445~113.9556~293.1555~-36.26665~-450.1334~-6.103516E-05~0~0~0.5333346~oda~0.3632848~0.7497584~0.4792266~0.5256041~0.6106274~1~0.5410629~0.5256041, CustomDecal><538.4889><281.5556><28.44446~179.3779~472.3556~142.4~423.9999~-95.28885~-450.1334~-6.103516E-05~0~0.1545891~1~pillman~0.378744~0.5642511~0.5024155~0.3400969~0.3710148~0.1932366~0.3710145~0.5410627, CustomDecal><466.3766><115.5721><2.844421~682.1333~503.6443~715.5555~591.8223~-95.99998~-253.8667~-23.46664~0~1~1~rust2~0.3942022~0.7806761~0.6338162~1~0.06183591~1~0.386474~0.7806761, CustomDecal><-146.3111><120.8445><-23.46669~1007.111~330.8443~1209.778~591.8223~-95.99998~689.0667~53.3333~0~1~0.8888895~rust1~0.4869564~0.8193234~0.1700486~1~0.1391303~0.9584537~0.7342994~0.1314007, CustomDecal><41.4222><224.3707><-84.62224~1337.778~1014.933~1356.267~731.9111~-155.7333~178.4889~536.1556~0~1~0.2502415~rust2~0.1314007~0.6338162~0.0386472~0.05410634~0.007729572~0.3507253~0.0386472~0.6106282, CustomDecal><323.487><873.6978><-139.3778~775.2889~593.9556~773.8667~688.5333~-381.1556~-9.821655~-2.755249~0~1~0.5487923~runningwhite~0.1133383~1~0.221553~1~0.1674466~1~0.1365283~1, CustomDecal><3.733337><184.1333><-169.2445~986.4889~621.6889~1228.267~688.5333~-381.1556~-9.821655~-2.755249~0~1~0.3091786~runningwhite~0.01545881~0.7681162~0.1004831~1~0.01545881~0.3275362~0.03091796~1, FirecrackerPlant><-47.15321><945.1776><0~0~2~3, FirecrackerPlant><98.90533><850.7102><0~0~2~3, ReliableSpear><629.568><487.5779><, ReliableSpear><735.245><481.9073><, ReliableSpear><687.3724><468.0052><, CustomDecal><210.6461><881.7205><-11.37775~111.8222~331.5555~158.0445~294.5778~22.75555~-339.2~-49.06668~0.6415455~0.6830915~0.4946859~whitetag3~0.2526567~0.5951682~0.02850292~1~0.2603859~0.05410568~0.4227054~0.6338156, CustomDecal><559.8221><440.8445><-70.39996~151.6445~374.2222~239.1111~324.4445~1.422241~-339.2~-49.06668~0.2937204~0.3971014~0.8657001~whitetag10~0.8038648~0.2859902~0.3478267~0~0.2550726~0.8888888~0.4560388~0.9661838, InsectGroup><376.1967><210.0691><88.17776~193.8667~0~0~RockFlea~0.2603859, InsectGroup><-19.3345><957.5477><108.0889~147.6444~0~0~StandardFly~0.2449275, 
AmbientSounds: OMNI><am_env-outside.ogg><711.4189><456.8922><0.6004838><1, DIR><am_env-lightwind.ogg><519.657><449.9742><0.4072465><1><-32.77128><0, SPOT><am_ind-electrichum01.ogg><740.155><283.6236><0.3478261><1><748.155><200.6236><-110.3555><16.64465><0><0.3173928, 
FadePalette: 15, 0.2937196, 0.2473432
