Template: NONE
Clouds: 0.1565217
Grime: 0.3260866
Palette: 5
EffectColorA: 10
EffectColorB: 6
Effects: ModifyEffectColorA-0,0.5,0.3202896-20-20, ModifyEffectColorB-0,0.331884,0.3376811-25.73331-106.8, 
PlacedObjects: CustomDecal><285.1557><260.843><-1.066681~54.39996~149.3333~57.59998~134.4~-5.333344~-314.1333~-86.40002~0.2434779~1~1~greysnoopy~0.3666667~0.457971~0.3666667~0.457971~0.3666667~0.457971~0.3666667~0.457971, 
FadePalette: 8, 0.4057972
