Template: NONE
Clouds: 0.05434782
Grime: 0
Palette: 81
EffectColorA: 13
EffectColorB: 18
Effects: Fog-1-20-20, Salt Flakes-0.1521739-280-21, Flies-0.1521739-23-95, 
PlacedObjects: PlayerPushback><903.8013><490.7725><7~91, PlayerPushback><968.5145><556.1995><10~78, PlayerPushback><1028.192><608.2858><7~60, LocalBlizzard><901.1858><488.6895><3~105~-461~136.6025~0.6739131~0.2391304~0.3804348, PlayerPushback><1041.238><182.3004><-1~73, PlayerPushback><1040.436><255.4253><22~49, PlayerPushback><1038.305><309.4563><0~40, FloatingDebris><1165.853><412.1726><50~50~1943822069~0~5~0.3478248~0.5652187~12~-262|-204~71|120~0.25|0.42~0.62|-0.08~0|0.24~Stardust~0.5~0v0v0v0|-0.09v0.78v0v0~0, LocalBlizzard><1037.61><185.1425><0~100~50~86.60254~0.6739131~0.173913~0.25, FloatingDebris><846.7216><195.0521><-434~85~1823409901~0~5~0.25~0.5~12~194|187~142|-20~0.44|0.34~0.08|-0.01~0.15|0.39~Stardust~0.5~0.06v-0.9799999v0v0|0.78v0.07v0v0~0, SeedCob><1669.175><266.3448><-328~48~7~10, DeadSeedCob><1774.451><287.7358><, Mushroom><1572.211><645.7888><0~0~2~3, Mushroom><1601.551><613.9904><-146~95~2~3, Mushroom><1544.058><621.6968><-370~64~2~3, KarmaFlower><2592.428><162.84><0~0~5~7, CustomDecal><2572.107><279.422><5~115~120~116~119~0~-439~-222~0~1~0~xsalinationlogo~0.6956522~0.6956522~0.2826087~0.4673913~0.7173913~0.6847826~1~0.173913, CustomDecal><3252.524><102.3016><-3~94~87~93~91~-3~-366~-69~0~1~0~bubbleweed~0.326087~0.3913043~0.5652174~0.3913043~0.6521739~0.3913043~1~0.3913043, LightSource><2551.902><114.8254><0.4891304~Environment~38~405~81~536.6025~1~0~None~0~0, CustomDecal><2263.617><620.5815><43~32~76~-14~43~-44~-968~-96~0~1~0~scavmark arrow~0.4021739~0~0.7826087~0~0.4565217~0~0.7608696~0, CustomDecal><1417.15><70.07709><-49~759~1021~763~681~-79~-232~115~0~0.6521739~0~greybones~0.09782609~1~0.1086956~1~0.01086957~1~0.08695652~1, CustomDecal><2575.097><269.6217><-622~482~871~555~739~-283~421~-53~0~1~0~greybones~0~1~0~1~0~1~0.09782609~1, CustomDecal><2123.434><846.172><422~708~1288~756~1350~-2~47~349~0~1~0~greybones~0.09782609~0~0~0~0.02173913~0~0.1086956~0, CustomDecal><118.1083><836.5822><-9~763~703~642~617~2~889.0287~213.982~0~1~0~greybones~0~1~0~1~0.1304348~1~0~1, CustomDecal><243.45><89.50018><-144~730~640~730~568~-5~-23~271~0~1~0~greybones~0.03260872~1~0.04347829~1~0.1086956~1~0.09782609~1, CustomDecal><832.4492><403.0175><-17~131~121~137~125~-1~-274~-293~0~1~0~windwarning~0.3913043~0.06521739~0.5~0.326087~0.3043478~0~0.5~0, CustomDecal><134.3485><1243.881><7~101~124~102~105~-5~433~-47~0~1~0~xsalinationlogo~0.2173913~0.4565217~0.5~0.1630435~0.2065217~0.3913043~0.5~0.1086956, SuperJumpInstruction><2149.435><579.3103><-119~1~-123~36~-8~36, 
FadePalette: 83, 0.8586956, 0.8586956, 0.8586956, 0.8586956, 0.8586956
